GENE_ID,Start,End,Strand,Length
Rv0001,1,1524,+,1523
Rv0002,2052,3260,+,1208
Rv0003,3280,4437,+,1157
Rv0004,4434,4997,+,563
Rv0005,5123,7267,+,2144
Rv0006,7302,9818,+,2516
Rv0007,9914,10828,+,914
Rv0008c,11874,12311,-,437
Rv0009,12468,13016,+,548
Rv0010c,13133,13558,-,425
Rv0011c,13714,13995,-,281
Rv0012,14089,14877,+,788
Rv0013,14914,15612,+,698
Rv0014c,15590,17470,-,1880
Rv0015c,17467,18762,-,1295
Rv0016c,18759,20234,-,1475
Rv0017c,20231,21640,-,1409
Rv0018c,21637,23181,-,1544
Rv0019c,23270,23737,-,467
Rv0020c,23861,25444,-,1583
Rv0021c,25913,26881,-,968
Rv0022c,27023,27442,-,419
Rv0023,27595,28365,+,770
Rv0024,28362,29207,+,845
Rv0025,29245,29607,+,362
Rv0026,29722,31068,+,1346
Rv0027,31189,31506,+,317
Rv0028,31514,31819,+,305
Rv0029,32057,33154,+,1097
Rv0030,33224,33553,+,329
Rv0031,33582,33794,+,212
Rv0032,34295,36610,+,2315
Rv0033,36607,36870,+,263
Rv0034,36867,37262,+,395
Rv0035,37259,38947,+,1688
Rv0036c,39056,39829,-,773
Rv0037c,39877,41202,-,1325
Rv0038,41304,41912,+,608
Rv0039c,42004,42351,-,347
Rv0040c,42433,43365,-,932
Rv0041,43562,46471,+,2909
Rv0042c,46581,47207,-,626
Rv0043c,47366,48100,-,734
Rv0044c,48233,49027,-,794
Rv0045c,49043,49939,-,896
Rv0046c,50021,51124,-,1103
Rv0047c,51185,51727,-,542
Rv0048c,51828,52697,-,869
Rv0049,52831,53244,+,413
Rv0050,53663,55699,+,2036
Rv0051,55696,57378,+,1682
Rv0052,57410,57973,+,563
Rv0053,58192,58482,+,290
Rv0054,58586,59080,+,494
Rv0055,59122,59376,+,254
Rv0056,59409,59867,+,458
Rv0057,59896,60417,+,521
Rv0058,60396,63020,+,2624
Rv0059,63200,63892,+,692
Rv0060,63909,64967,+,1058
Rv0061c,64991,65416,+,425
Rv0062,65552,66694,+,1142
Rv0063,66923,68362,+,1439
Rv0064,68620,71559,+,2939
Rv0065,71821,72222,+,401
Rv0066c,72274,74511,-,2237
Rv0067c,74629,75198,-,569
Rv0068,75301,76212,+,911
Rv0069c,76237,77622,-,1385
Rv0070c,77619,78896,-,1277
Rv0071,79486,80193,+,707
Rv0072,80624,81673,+,1049
Rv0073,81676,82668,+,992
Rv0074,82748,83983,+,1235
Rv0075,83996,85168,+,1172
Rv0076c,85183,85572,-,389
Rv0077c,85636,86466,-,830
Rv0078,86528,87133,+,605
Rv0078A,87208,87801,-,593
Rv0079,88204,89025,+,821
Rv0080,89022,89480,+,458
Rv0081,89575,89919,+,344
Rv0082,89924,90403,+,479
Rv0083,90400,92322,+,1922
Rv0084,92328,93278,+,950
Rv0085,93289,93951,+,662
Rv0086,93951,95417,+,1466
Rv0087,95414,96892,+,1478
Rv0088,96927,97601,+,674
Rv0089,97758,98351,+,593
Rv0090,98480,99250,+,770
Rv0091,99684,100451,+,767
Rv0092,100583,102868,+,2285
Rv0093c,102815,103663,-,848
Rv0094c,103710,104663,-,953
Rv0095c,104805,105215,-,410
Rv0096,105324,106715,+,1391
Rv0097,106734,107603,+,869
Rv0098,107600,108151,+,551
Rv0099,108156,109778,+,1622
Rv0100,109783,110019,+,236
Rv0101,110001,117539,+,7538
Rv0102,117714,119699,+,1985
Rv0103c,119915,122173,-,2258
Rv0104,122317,123831,+,1514
Rv0105c,123980,124264,-,284
Rv0106,124374,125570,+,1196
Rv0107c,125643,130541,-,4898
Rv0108c,130895,131104,-,209
Rv0109,131382,132872,+,1490
Rv0110,133020,133769,+,749
Rv0111,133950,136007,+,2057
Rv0112,136289,137245,+,956
Rv0113,137319,137909,+,590
Rv0114,137941,138513,+,572
Rv0115,138513,139673,+,1160
Rv0116c,140267,141022,-,755
Rv0117,141200,142144,+,944
Rv0118c,142128,143876,-,1748
Rv0119,144049,145626,+,1577
Rv0120c,145627,147771,-,2144
Rv0121c,147908,148342,-,434
Rv0122,148491,148859,+,368
Rv0123,148856,149224,+,368
Rv0124,149533,150996,+,1463
Rv0125,151148,152215,+,1067
Rv0126,152324,154129,+,1805
Rv0127,154232,155599,+,1367
Rv0128,155667,156446,+,779
Rv0129c,156578,157600,-,1022
Rv0130,157847,158302,+,455
Rv0131c,158315,159658,-,1343
Rv0132c,159700,160782,-,1082
Rv0133,160869,161474,+,605
Rv0134,161771,162673,+,902
Rv0135c,162644,163249,-,605
Rv0136,163366,164691,+,1325
Rv0137c,164712,165260,-,548
Rv0138,165323,165826,+,503
Rv0139,165827,166849,+,1022
Rv0140,166910,167290,+,380
Rv0141c,167271,167681,-,410
Rv0142,167711,168637,+,926
Rv0143c,168704,170182,-,1478
Rv0144,170284,171126,+,842
Rv0145,171215,172168,+,953
Rv0146,172211,173143,+,932
Rv0147,173238,174758,+,1520
Rv0148,174833,175693,+,860
Rv0149,175700,176668,+,968
Rv0150c,176665,176952,-,287
Rv0151c,177543,179309,-,1766
Rv0152c,179319,180896,-,1577
Rv0153c,181155,181985,-,830
Rv0154c,181987,183198,-,1211
Rv0155,183622,184722,+,1100
Rv0156,184723,185055,+,332
Rv0157,185052,186479,+,1427
Rv0157A,186495,186623,-,128
Rv0158,186785,187429,+,644
Rv0159c,187433,188839,-,1406
Rv0160c,188931,190439,-,1508
Rv0161,190607,191956,+,1349
Rv0162c,191984,193135,-,1151
Rv0163,193117,193572,+,455
Rv0164,193626,194111,+,485
Rv0165c,194144,194938,-,794
Rv0166,194993,196657,+,1664
Rv0167,196861,197658,+,797
Rv0168,197660,198529,+,869
Rv0169,198534,199898,+,1364
Rv0170,199895,200935,+,1040
Rv0171,200932,202479,+,1547
Rv0172,202476,204068,+,1592
Rv0173,204065,205237,+,1172
Rv0174,205231,206778,+,1547
Rv0175,206814,207455,+,641
Rv0176,207452,208420,+,968
Rv0177,208417,208971,+,554
Rv0178,208938,209672,+,734
Rv0179c,209703,210812,-,1109
Rv0180c,210892,212250,-,1358
Rv0181c,212277,213011,-,734
Rv0182c,213028,214140,-,1112
Rv0183,214088,214927,+,839
Rv0184,214969,215718,+,749
Rv0185,215715,216224,+,509
Rv0186,216269,218344,+,2075
Rv0187,218705,219367,+,662
Rv0188,219486,219917,+,431
Rv0189c,219996,221723,-,1727
Rv0190,221871,222161,+,290
Rv0191,222289,223530,+,1241
Rv0192,223564,224664,+,1100
Rv0192A,223607,223909,+,302
Rv0193c,224724,226571,-,1847
Rv0194,226878,230462,+,3584
Rv0195,230899,231534,+,635
Rv0196,231647,232231,+,584
Rv0197,232231,234519,+,2288
Rv0198c,234516,236507,-,1991
Rv0199,236550,237209,+,659
Rv0200,237206,237895,+,689
Rv0201c,237892,238395,-,503
Rv0202c,238392,241292,-,2900
Rv0203,241514,241924,+,410
Rv0204c,241976,243214,-,1238
Rv0205,243384,244487,+,1103
Rv0206c,244484,247318,-,2834
Rv0207c,247384,248112,-,728
Rv0208c,248115,248906,-,791
Rv0209,249038,250123,+,1085
Rv0210,250120,251598,+,1478
Rv0211,251782,253602,+,1820
Rv0212c,253669,254640,-,971
Rv0213c,254637,255950,-,1313
Rv0214,256064,257677,+,1613
Rv0215c,257783,258856,-,1073
Rv0216,258913,259926,+,1013
Rv0217c,259923,260831,-,908
Rv0218,260924,262252,+,1328
Rv0219,262254,262802,+,548
Rv0220,262812,264023,+,1211
Rv0221,264067,265476,+,1409
Rv0222,265507,266295,+,788
Rv0223c,266301,267764,-,1463
Rv0224c,267863,268627,-,764
Rv0225,268663,269817,+,1154
Rv0226c,269834,271564,-,1730
Rv0227c,271574,272839,-,1265
Rv0228,273055,274278,+,1223
Rv0229c,274306,274986,-,680
Rv0230c,274983,275963,-,980
Rv0231,276058,277764,+,1706
Rv0232,277899,278588,+,689
Rv0233,278585,279529,+,944
Rv0234c,279605,281140,-,1535
Rv0235c,281166,282614,-,1448
Rv0236A,286898,287071,-,173
Rv0236c,282649,286851,-,4202
Rv0237,287186,288352,+,1166
Rv0238,288428,289042,+,614
Rv0239,289104,289337,+,233
Rv0240,289345,289782,+,437
Rv0241c,289812,290654,-,842
Rv0242c,290665,292029,-,1364
Rv0243,292171,293493,+,1322
Rv0244c,293798,295633,-,1835
Rv0245,296005,296493,+,488
Rv0246,296809,298119,+,1310
Rv0247c,298116,298862,-,746
Rv0248c,298863,300803,-,1940
Rv0249c,300834,301655,-,821
Rv0250c,301735,302028,-,293
Rv0251c,302173,302652,-,479
Rv0252,302866,305427,+,2561
Rv0253,305453,305809,+,356
Rv0254c,305825,306349,-,524
Rv0255c,306374,307858,-,1484
Rv0256c,307877,309547,-,1670
Rv0257,309699,310073,+,374
Rv0258c,310294,310749,-,455
Rv0259c,310774,311517,-,743
Rv0260c,311514,312659,-,1145
Rv0261c,312759,314168,-,1409
Rv0262c,314309,314854,-,545
Rv0263c,314864,315766,-,902
Rv0264c,315783,316415,-,632
Rv0265c,316511,317503,-,992
Rv0266c,317525,321154,-,3629
Rv0267,321331,322722,+,1391
Rv0268c,322764,323273,-,509
Rv0269c,323338,324531,-,1193
Rv0270,324567,326249,+,1682
Rv0271c,326266,328461,-,2195
Rv0272c,328575,329708,-,1133
Rv0273c,329705,330325,-,620
Rv0274,330422,331003,+,581
Rv0275c,330933,331658,-,725
Rv0276,331748,332668,+,920
Rv0277c,332708,333136,-,428
Rv0278c,333437,336310,-,2873
Rv0279c,336560,339073,-,2513
Rv0280,339364,340974,+,1610
Rv0281,340998,341906,+,908
Rv0282,342130,344025,+,1895
Rv0283,344022,345638,+,1616
Rv0284,345635,349627,+,3992
Rv0285,349624,349932,+,308
Rv0286,349935,351476,+,1541
Rv0287,351525,351818,+,293
Rv0288,351848,352138,+,290
Rv0289,352149,353036,+,887
Rv0290,353083,354501,+,1418
Rv0291,354498,355883,+,1385
Rv0292,355880,356875,+,995
Rv0293c,356862,358064,-,1202
Rv0294,358171,358956,+,785
Rv0295c,358945,359748,-,803
Rv0296c,359758,361155,-,1397
Rv0297,361334,363109,+,1775
Rv0298,363252,363479,+,227
Rv0299,363476,363778,+,302
Rv0300,363826,364047,+,221
Rv0301,364044,364469,+,425
Rv0302,364605,365237,+,632
Rv0303,365234,366142,+,908
Rv0304c,366150,372764,-,6614
Rv0305c,372820,375711,-,2891
Rv0306,375914,376585,+,671
Rv0307c,376573,377055,-,482
Rv0308,377113,377829,+,716
Rv0309,377931,378587,+,656
Rv0310c,378657,379148,-,491
Rv0311,379172,380401,+,1229
Rv0312,380556,382418,+,1862
Rv0313,382490,382876,+,386
Rv0314c,382879,383541,-,662
Rv0315,383602,384486,+,884
Rv0316,384535,385149,+,614
Rv0317c,385173,385943,-,770
Rv0318c,386305,387099,-,794
Rv0319,387148,387816,+,668
Rv0320,387888,388550,+,662
Rv0321,388582,389154,+,572
Rv0322,389260,390591,+,1331
Rv0323c,390580,391251,-,671
Rv0324,391352,392032,+,680
Rv0325,392039,392263,+,224
Rv0326,392273,392728,+,455
Rv0327c,392696,394045,-,1349
Rv0328,394111,394713,+,602
Rv0329c,394694,395320,-,626
Rv0330c,395347,396087,-,740
Rv0331,396201,397367,+,1166
Rv0332,397442,398227,+,785
Rv0333,398254,398628,+,374
Rv0334,398658,399524,+,866
Rv0335c,399535,400050,-,515
Rv0336,400192,401703,+,1511
Rv0337c,401873,403162,-,1289
Rv0338c,403193,405841,-,2648
Rv0339c,405950,408448,-,2498
Rv0340,408634,409173,+,539
Rv0341,409362,410801,+,1439
Rv0342,410838,412760,+,1922
Rv0343,412757,414238,+,1481
Rv0344c,414381,414941,-,560
Rv0345,415050,415460,+,410
Rv0346c,415502,416965,-,1463
Rv0347,417304,418290,+,986
Rv0348,418293,418946,+,653
Rv0349,418949,419608,+,659
Rv0350,419835,421712,+,1877
Rv0351,421709,422416,+,707
Rv0352,422452,423639,+,1187
Rv0353,423639,424019,+,380
Rv0354c,424269,424694,-,425
Rv0355c,424777,434679,-,9902
Rv0356c,434830,435474,-,644
Rv0357c,435471,436769,-,1298
Rv0358,436860,437507,+,647
Rv0359,437518,438297,+,779
Rv0360c,438302,438739,-,437
Rv0361,438822,439649,+,827
Rv0362,439871,441253,+,1382
Rv0363c,441265,442299,-,1034
Rv0364,442395,443078,+,683
Rv0365c,443067,444197,-,1130
Rv0366c,444222,444815,-,593
Rv0367c,444844,445233,-,389
Rv0368c,445314,446525,-,1211
Rv0369c,446531,447046,-,515
Rv0370c,447147,448043,-,896
Rv0371c,448040,448633,-,593
Rv0372c,448630,449385,-,755
Rv0373c,449404,451803,-,2399
Rv0374c,451800,452279,-,479
Rv0375c,452294,453154,-,860
Rv0376c,453230,454372,-,1142
Rv0377,454421,455386,+,965
Rv0378,455637,455858,+,221
Rv0379,455977,456192,+,215
Rv0380c,456268,456819,-,551
Rv0381c,456915,457823,-,908
Rv0382c,457841,458380,-,539
Rv0383c,458461,459315,-,854
Rv0384c,459456,462002,-,2546
Rv0385,462135,463307,+,1172
Rv0386,463411,466668,+,3257
Rv0387c,466672,467406,-,734
Rv0388c,467459,468001,-,542
Rv0389,468335,469594,+,1259
Rv0390,469591,470013,+,422
Rv0391,470010,471230,+,1220
Rv0392c,471227,472639,-,1412
Rv0393,472781,474106,+,1325
Rv0394c,474122,474841,-,719
Rv0395,474940,475344,+,404
Rv0396,475350,475742,+,392
Rv0397,475816,476184,+,368
Rv0398c,476679,477320,-,641
Rv0399c,477327,478556,-,1229
Rv0400c,478566,479753,-,1187
Rv0401,479789,480160,+,371
Rv0402c,480355,483231,-,2876
Rv0403c,483228,483656,-,428
Rv0404,483977,485734,+,1757
Rv0405,485731,489939,+,4208
Rv0406c,489887,490705,-,818
Rv0407,490783,491793,+,1010
Rv0408,491786,493858,+,2072
Rv0409,493851,495008,+,1157
Rv0410c,495062,497314,-,2252
Rv0411c,497314,498300,-,986
Rv0412c,498300,499619,-,1319
Rv0413,499713,500366,+,653
Rv0414c,500350,501018,-,668
Rv0415,501148,502170,+,1022
Rv0416,502167,502373,+,206
Rv0417,502366,503124,+,758
Rv0418,503496,504998,+,1502
Rv0419,505086,506582,+,1496
Rv0420c,506561,506971,-,410
Rv0421c,507132,507761,-,629
Rv0422c,507758,508555,-,797
Rv0423c,508582,510225,-,1643
Rv0424c,510377,510652,-,275
Rv0425c,510702,515321,-,4619
Rv0426c,515373,515816,-,443
Rv0427c,516017,516892,-,875
Rv0428c,516895,517803,-,908
Rv0429c,517803,518396,-,593
Rv0430,518733,519041,+,308
Rv0431,519073,519567,+,494
Rv0432,519600,520322,+,722
Rv0433,520324,521454,+,1130
Rv0434,521514,522167,+,653
Rv0435c,522347,524533,-,2186
Rv0436c,524530,525390,-,860
Rv0437c,525387,526082,-,695
Rv0438c,526143,527360,-,1217
Rv0439c,527379,528314,-,935
Rv0440,528608,530230,+,1622
Rv0441c,530296,530724,-,428
Rv0442c,530751,532214,-,1463
Rv0443,532396,532911,+,515
Rv0444c,533091,533789,-,698
Rv0445c,533833,534396,-,563
Rv0446c,534445,535215,-,770
Rv0447c,535224,536507,-,1283
Rv0448c,536504,537169,-,665
Rv0449c,537229,538548,-,1319
Rv0450c,538588,541491,-,2903
Rv0451c,541488,541910,-,422
Rv0452,542142,542852,+,710
Rv0453,543174,544730,+,1556
Rv0454,544835,545185,+,350
Rv0455c,545375,545821,-,446
Rv0456A,547076,547357,-,281
Rv0456c,545889,546803,-,914
Rv0457c,547586,549607,-,2021
Rv0458,549675,551198,+,1523
Rv0459,551198,551689,+,491
Rv0460,551749,551988,+,239
Rv0461,552026,552550,+,524
Rv0462,552614,554008,+,1394
Rv0463,554016,554309,+,293
Rv0464c,554313,554885,-,572
Rv0465c,554882,556306,-,1424
Rv0466,556458,557252,+,794
Rv0467,557527,558813,+,1286
Rv0468,558895,559755,+,860
Rv0469,559888,560748,+,860
Rv0470A,561854,562294,-,440
Rv0470c,560848,561711,-,863
Rv0471c,562225,562713,-,488
Rv0472c,562723,563427,-,704
Rv0473,563564,564934,+,1370
Rv0474,565021,565443,+,422
Rv0475,565797,566396,+,599
Rv0476,566508,566771,+,263
Rv0477,566776,567222,+,446
Rv0478,567222,567896,+,674
Rv0479c,567921,568967,-,1046
Rv0480c,568964,569806,-,842
Rv0481c,569988,570512,-,524
Rv0482,570539,571648,+,1109
Rv0483,571710,573065,+,1355
Rv0484c,573046,573801,-,755
Rv0485,573984,575300,+,1316
Rv0486,575348,576790,+,1442
Rv0487,576787,577338,+,551
Rv0488,577664,578269,+,605
Rv0489,578426,579175,+,749
Rv0490,579349,580581,+,1232
Rv0491,580809,581492,+,683
Rv0492A,583375,583704,-,329
Rv0492c,581489,583378,-,1889
Rv0493c,583701,584690,-,989
Rv0494,584695,585423,+,728
Rv0495c,585424,586314,-,890
Rv0496,586394,587380,+,986
Rv0497,587377,588309,+,932
Rv0498,588325,589167,+,842
Rv0499,589183,590058,+,875
Rv0500,590083,590970,+,887
Rv0500A,591111,591347,+,236
Rv0500B,591475,591576,+,101
Rv0501,591654,592784,+,1130
Rv0502,592791,593867,+,1076
Rv0503c,593871,594779,-,908
Rv0504c,594802,595302,-,500
Rv0505c,595464,596585,-,1121
Rv0506,596759,597202,+,443
Rv0507,597199,600105,+,2906
Rv0508,600098,600391,+,293
Rv0509,600441,601847,+,1406
Rv0510,601857,602786,+,929
Rv0511,602819,604516,+,1697
Rv0512,604602,605591,+,989
Rv0513,605604,606152,+,548
Rv0514,606149,606448,+,299
Rv0515,606551,608062,+,1511
Rv0516c,608059,608535,-,476
Rv0517,608746,610056,+,1310
Rv0518,610188,610883,+,695
Rv0519c,611172,612074,-,902
Rv0520,612255,612605,+,350
Rv0521,612598,612903,+,305
Rv0522,613038,614342,+,1304
Rv0523c,614326,614721,-,395
Rv0524,614835,616223,+,1388
Rv0525,616223,616831,+,608
Rv0526,616846,617496,+,650
Rv0527,617493,618272,+,779
Rv0528,618305,619894,+,1589
Rv0529,619891,620865,+,974
Rv0530,620907,622124,+,1217
Rv0531,622329,622646,+,317
Rv0532,622793,624577,+,1784
Rv0533c,624473,625480,-,1007
Rv0534c,625562,626440,-,878
Rv0535,626457,627251,+,794
Rv0536,627248,628288,+,1040
Rv0537c,628298,629731,-,1433
Rv0538,630040,631686,+,1646
Rv0539,631743,632375,+,632
Rv0540,632372,633034,+,662
Rv0541c,633055,634404,-,1349
Rv0542c,634416,635504,-,1088
Rv0543c,635573,635875,-,302
Rv0544c,635935,636213,-,278
Rv0545c,636210,637463,-,1253
Rv0546c,637583,637969,-,386
Rv0547c,638032,638916,-,884
Rv0548c,639012,639956,-,944
Rv0549c,640228,640641,-,413
Rv0550c,640638,640904,-,266
Rv0551c,641096,642811,-,1715
Rv0552,642889,644493,+,1604
Rv0553,644490,645470,+,980
Rv0554,645467,646255,+,788
Rv0555,646298,647962,+,1664
Rv0556,647959,648474,+,515
Rv0557,648536,649672,+,1136
Rv0558,649689,650393,+,704
Rv0559c,650407,650745,-,338
Rv0560c,650779,651504,-,725
Rv0561c,651529,652755,-,1226
Rv0562,652771,653778,+,1007
Rv0563,653879,654739,+,860
Rv0564c,654924,655949,-,1025
Rv0565c,656010,657470,-,1460
Rv0566c,657548,658039,-,491
Rv0567,658321,659340,+,1019
Rv0568,659450,660868,+,1418
Rv0569,661003,661269,+,266
Rv0570,661295,663373,+,2078
Rv0571c,663487,664818,-,1331
Rv0572c,665042,665383,-,341
Rv0573c,665851,667242,-,1391
Rv0574c,667252,668394,-,1142
Rv0575c,668579,669745,-,1166
Rv0576,669848,671152,+,1304
Rv0577,671166,671951,+,785
Rv0578c,671996,675916,-,3920
Rv0579,676238,676996,+,758
Rv0580c,677125,677616,-,491
Rv0581,677710,677925,+,215
Rv0582,677922,678329,+,407
Rv0583c,678389,679075,-,686
Rv0584,679229,681862,+,2633
Rv0585c,681885,684272,-,2387
Rv0586,684410,685132,+,722
Rv0587,685129,685926,+,797
Rv0588,685928,686815,+,887
Rv0589,686821,688035,+,1214
Rv0590,688032,688859,+,827
Rv0590A,688808,689062,+,254
Rv0591,689059,690504,+,1445
Rv0592,690501,692027,+,1526
Rv0593,692024,693232,+,1208
Rv0594,693237,694787,+,1550
Rv0595c,694839,695231,-,392
Rv0596c,695228,695485,-,257
Rv0597c,695668,696903,-,1235
Rv0598c,697154,697567,-,413
Rv0599c,697564,697800,-,236
Rv0600c,697904,698410,-,506
Rv0601c,698524,698994,-,470
Rv0602c,699038,699799,-,761
Rv0603,699856,700167,+,311
Rv0604,700239,701189,+,950
Rv0605,701406,702014,+,608
Rv0606,702016,702759,+,743
Rv0607,702813,703199,+,386
Rv0608,703244,703489,+,245
Rv0609,703486,703887,+,401
Rv0609A,703830,704057,+,227
Rv0610c,704752,705909,-,1157
Rv0611c,705961,706344,-,383
Rv0612,706324,706929,+,605
Rv0613c,706948,709515,-,2567
Rv0614,709356,710348,+,992
Rv0615,710345,710587,+,242
Rv0616c,710584,710850,-,266
Rv0617,711006,711407,+,401
Rv0618,711536,712231,+,695
Rv0619,712174,712719,+,545
Rv0620,712716,713807,+,1091
Rv0621,714202,715266,+,1064
Rv0622,715370,716317,+,947
Rv0623,716410,716664,+,254
Rv0624,716664,717059,+,395
Rv0625c,717153,717893,-,740
Rv0626,718025,718285,+,260
Rv0627,718282,718689,+,407
Rv0628c,718761,719912,-,1151
Rv0629c,720005,721732,-,1727
Rv0630c,721729,725013,-,3284
Rv0631c,725013,728306,-,3293
Rv0632c,728583,729278,-,695
Rv0633c,729327,730166,-,839
Rv0634A,731113,731364,+,251
Rv0634B,731712,731879,+,167
Rv0634c,730320,731033,-,713
Rv0635,731930,732406,+,476
Rv0636,732393,732821,+,428
Rv0637,732825,733325,+,500
Rv0638,733737,734222,+,485
Rv0639,734254,734970,+,716
Rv0640,735022,735450,+,428
Rv0641,735517,736224,+,707
Rv0642c,736298,737203,-,905
Rv0643c,737268,738149,-,881
Rv0644c,738297,739160,-,863
Rv0645c,739327,740187,-,860
Rv0646c,740234,741139,-,905
Rv0647c,741151,742617,-,1466
Rv0648,742719,746366,+,3647
Rv0649,746363,747037,+,674
Rv0650,747037,747945,+,908
Rv0651,748276,748812,+,536
Rv0652,748849,749241,+,392
Rv0653c,749234,749929,-,695
Rv0654,750000,751505,+,1505
Rv0655,751517,752596,+,1079
Rv0656c,752984,753367,-,383
Rv0657c,753462,753617,-,155
Rv0658c,753693,754409,-,716
Rv0659c,754685,754993,-,308
Rv0660c,754980,755225,-,245
Rv0661c,755335,755772,-,437
Rv0662c,755769,756137,-,368
Rv0663,756137,758500,+,2363
Rv0664,758532,758804,+,272
Rv0665,758801,759139,+,338
Rv0666,759136,759309,+,173
Rv0667,759807,763325,+,3518
Rv0668,763370,767320,+,3950
Rv0669c,767684,769597,-,1913
Rv0670,769792,770550,+,758
Rv0671,770582,771424,+,842
Rv0672,771484,773112,+,1628
Rv0673,773123,774061,+,938
Rv0674,774064,774786,+,722
Rv0675,774783,775574,+,791
Rv0676c,775586,778480,-,2894
Rv0677c,778477,778905,-,428
Rv0678,778990,779487,+,497
Rv0679c,779543,780040,-,497
Rv0680c,780042,780416,-,374
Rv0681,780721,781311,+,590
Rv0682,781560,781934,+,374
Rv0683,781934,782404,+,470
Rv0684,782485,784590,+,2105
Rv0685,784821,786011,+,1190
Rv0686,786149,786946,+,797
Rv0687,787099,787926,+,827
Rv0688,787940,789160,+,1220
Rv0689c,789157,789411,-,254
Rv0690c,790024,791073,-,1049
Rv0691c,791070,791666,-,596
Rv0692,791831,792160,+,329
Rv0693,792157,793332,+,1175
Rv0694,793335,794525,+,1190
Rv0695,794715,795470,+,755
Rv0696,795519,796931,+,1412
Rv0697,796933,798372,+,1439
Rv0698,798833,799444,+,611
Rv0699,799629,799850,+,221
Rv0700,800487,800792,+,305
Rv0701,800809,801462,+,653
Rv0702,801462,802133,+,671
Rv0703,802133,802435,+,302
Rv0704,802528,803370,+,842
Rv0705,803411,803692,+,281
Rv0706,803689,804282,+,593
Rv0707,804282,805106,+,824
Rv0708,805110,805526,+,416
Rv0709,805526,805759,+,233
Rv0710,805756,806166,+,410
Rv0711,806335,808698,+,2363
Rv0712,808746,809645,+,899
Rv0713,809946,810887,+,941
Rv0714,811373,811741,+,368
Rv0715,811742,812059,+,317
Rv0716,812059,812622,+,563
Rv0717,812627,812812,+,185
Rv0718,812976,813374,+,398
Rv0719,813398,813937,+,539
Rv0720,813940,814308,+,368
Rv0721,814328,814990,+,662
Rv0722,814993,815190,+,197
Rv0723,815190,815630,+,440
Rv0724,815663,817534,+,1871
Rv0724A,817531,817866,-,335
Rv0725c,817539,818444,-,905
Rv0726c,818537,819640,-,1103
Rv0727c,819843,820499,-,656
Rv0728c,820496,821476,-,980
Rv0729,821507,822853,+,1346
Rv0730,822866,823594,+,728
Rv0731c,823683,824639,-,956
Rv0732,824800,826125,+,1325
Rv0733,826122,826667,+,545
Rv0734,826670,827470,+,800
Rv0735,827543,828076,+,533
Rv0736,828140,828892,+,752
Rv0737,829207,829704,+,497
Rv0738,830062,830610,+,548
Rv0739,830855,831661,+,806
Rv0740,831776,832303,+,527
Rv0741,832534,832848,+,314
Rv0742,832981,833508,+,527
Rv0743c,833886,834443,-,557
Rv0744c,834440,834946,-,506
Rv0745,835154,835681,+,527
Rv0746,835701,838052,+,2351
Rv0747,838451,840856,+,2405
Rv0748,840947,841204,+,257
Rv0749,841228,841656,+,428
Rv0749A,841737,841874,-,137
Rv0750,842033,842278,+,245
Rv0751c,842347,843231,-,884
Rv0752c,843242,844414,-,1172
Rv0753c,844421,845953,-,1532
Rv0754,846159,847913,+,1754
Rv0755A,850342,850527,-,185
Rv0755c,848103,850040,-,1937
Rv0756c,850741,851466,-,725
Rv0757,851608,852351,+,743
Rv0758,852396,853853,+,1457
Rv0759c,853825,854157,-,332
Rv0760c,854267,854686,-,419
Rv0761c,854699,855826,-,1127
Rv0762c,855925,856470,-,545
Rv0763c,856473,856679,-,206
Rv0764c,856682,858037,-,1355
Rv0765c,858037,858864,-,827
Rv0766c,858864,860072,-,1208
Rv0767c,860069,860710,-,641
Rv0768,860912,862381,+,1469
Rv0769,862412,863158,+,746
Rv0770,863256,864143,+,887
Rv0771,864140,864574,+,434
Rv0772,864586,865854,+,1268
Rv0773c,865851,867389,-,1538
Rv0774c,867440,868351,-,911
Rv0775,868407,869030,+,623
Rv0776c,868984,869763,-,779
Rv0777,870008,871426,+,1418
Rv0778,871431,872675,+,1244
Rv0779c,872672,873292,-,620
Rv0780,873343,874236,+,893
Rv0781,874233,874943,+,710
Rv0782,874732,876390,+,1658
Rv0783c,876818,878440,-,1622
Rv0784,878638,879324,+,686
Rv0785,879340,881040,+,1700
Rv0786c,881075,881464,-,389
Rv0787,881459,882418,+,959
Rv0787A,882524,882763,+,239
Rv0788,882760,883434,+,674
Rv0789c,883451,884050,-,599
Rv0790c,884072,884800,-,728
Rv0791c,884797,885840,-,1043
Rv0792c,885837,886646,-,809
Rv0793,886719,887024,+,305
Rv0794c,887137,888636,-,1499
Rv0795,889072,889398,+,326
Rv0796,889395,890333,+,938
Rv0797,890388,891482,+,1094
Rv0798c,891472,892269,-,797
Rv0799c,892266,893273,-,1007
Rv0800,893318,894619,+,1301
Rv0801,894631,894978,+,347
Rv0802c,894972,895628,-,656
Rv0803,895820,898084,+,2264
Rv0804,898081,898710,+,629
Rv0805,898831,899787,+,956
Rv0806c,899732,901330,-,1598
Rv0807,901635,902024,+,389
Rv0808,902111,903694,+,1583
Rv0809,903725,904819,+,1094
Rv0810c,904905,905087,-,182
Rv0811c,905234,906340,-,1106
Rv0812,906423,907292,+,869
Rv0813c,907338,908018,-,680
Rv0814c,908181,908483,-,302
Rv0815c,908485,909318,-,833
Rv0816c,909611,910033,-,422
Rv0817c,910030,910842,-,812
Rv0818,910972,911739,+,767
Rv0819,911736,912683,+,947
Rv0820,912726,913502,+,776
Rv0821c,913558,914199,-,641
Rv0822c,914257,916311,-,2054
Rv0823c,916477,917646,-,1169
Rv0824c,917734,918750,-,1016
Rv0825c,918912,919553,-,641
Rv0826,919634,920689,+,1055
Rv0827c,920741,921133,-,392
Rv0828c,921191,921613,-,422
Rv0829,921575,921865,+,290
Rv0830,921970,922875,+,905
Rv0831c,922894,923709,-,815
Rv0832,924951,925364,+,413
Rv0833,925361,927610,+,2249
Rv0834c,927837,930485,-,2648
Rv0835,930953,931597,+,644
Rv0836c,932279,932932,-,653
Rv0837c,933003,934031,-,1028
Rv0838,934720,935490,+,770
Rv0839,935577,936389,+,812
Rv0840c,936457,937317,-,860
Rv0841,937593,937835,+,242
Rv0842,938112,939404,+,1292
Rv0843,939388,940392,+,1004
Rv0844c,940456,941106,-,650
Rv0845,941190,942467,+,1277
Rv0846c,942680,944194,-,1514
Rv0847,944343,944735,+,392
Rv0848,944938,946056,+,1118
Rv0849,946056,947315,+,1259
Rv0850,947312,947644,+,332
Rv0851c,947641,948468,-,827
Rv0852,948559,949395,+,836
Rv0853c,949436,951118,-,1682
Rv0854,951183,951626,+,443
Rv0855,951632,952711,+,1079
Rv0856,952825,953229,+,404
Rv0857,953257,953730,+,473
Rv0858c,953727,954920,-,1193
Rv0859,955077,956288,+,1211
Rv0860,956293,958455,+,2162
Rv0861c,958523,960151,-,1628
Rv0862c,960342,962612,-,2270
Rv0863,962599,962880,+,281
Rv0864,962890,963393,+,503
Rv0865,963390,963872,+,482
Rv0866,963869,964294,+,425
Rv0867c,964312,965535,-,1223
Rv0868c,965983,966261,-,278
Rv0869c,966265,967347,-,1082
Rv0870c,967344,967733,-,389
Rv0871,967898,968305,+,407
Rv0872c,968424,970244,-,1820
Rv0873,970505,972457,+,1952
Rv0874c,972546,973706,-,1160
Rv0875c,973806,974294,-,488
Rv0876c,974291,975937,-,1646
Rv0877,976075,976863,+,788
Rv0878c,976872,978203,-,1331
Rv0879c,978481,978756,-,275
Rv0880,978934,979365,+,431
Rv0881,979362,980228,+,866
Rv0882,980225,980509,+,284
Rv0883c,980506,981267,-,761
Rv0884c,981424,982554,-,1130
Rv0885,982762,983784,+,1022
Rv0886,983803,985530,+,1727
Rv0887c,985513,985971,-,458
Rv0888,987233,988705,+,1472
Rv0889c,988740,989861,-,1121
Rv0890c,989948,992596,-,2648
Rv0891c,992598,993455,-,857
Rv0892,993853,995340,+,1487
Rv0893c,995318,996295,-,977
Rv0894,996524,997705,+,1181
Rv0895,997782,999299,+,1517
Rv0896,999472,1000767,+,1295
Rv0897c,1000808,1002415,-,1607
Rv0898c,1002441,1002704,-,263
Rv0899,1002812,1003792,+,980
Rv0900,1003805,1003957,+,152
Rv0901,1003957,1004484,+,527
Rv0902c,1004501,1005841,-,1340
Rv0903c,1005852,1006562,-,710
Rv0904c,1006693,1008180,-,1487
Rv0905,1008207,1008938,+,731
Rv0906,1008944,1010062,+,1118
Rv0907,1010136,1011734,+,1598
Rv0908,1011731,1014124,+,2393
Rv0909,1014681,1014860,+,179
Rv0910,1014866,1015300,+,434
Rv0911,1015398,1016171,+,773
Rv0912,1016236,1016685,+,449
Rv0913c,1017217,1018725,-,1508
Rv0914c,1018727,1019965,-,1238
Rv0915c,1020058,1021329,-,1271
Rv0916c,1021344,1021643,-,299
Rv0917,1022087,1023868,+,1781
Rv0918,1024211,1024687,+,476
Rv0919,1024684,1025184,+,500
Rv0920c,1025497,1026816,-,1319
Rv0921,1027104,1027685,+,581
Rv0922,1027685,1029337,+,1652
Rv0923c,1029513,1030577,-,1064
Rv0924c,1030578,1031864,-,1286
Rv0925c,1031896,1032633,-,737
Rv0926c,1032710,1033786,-,1076
Rv0927c,1033840,1034631,-,791
Rv0928,1034903,1036015,+,1112
Rv0929,1036028,1037002,+,974
Rv0930,1036999,1037925,+,926
Rv0931c,1037920,1039914,-,1994
Rv0932c,1039936,1041048,-,1112
Rv0933,1041264,1042094,+,830
Rv0934,1042115,1043239,+,1124
Rv0935,1043299,1044315,+,1016
Rv0936,1044317,1045222,+,905
Rv0937c,1045199,1046020,-,821
Rv0938,1046136,1048415,+,2279
Rv0939,1048412,1050346,+,1934
Rv0940c,1050593,1051459,-,866
Rv0941c,1051544,1052317,-,773
Rv0942,1052360,1052638,+,278
Rv0943c,1052696,1053736,-,1040
Rv0944,1053765,1054241,+,476
Rv0945,1054247,1055008,+,761
Rv0946c,1055024,1056685,-,1661
Rv0947c,1057303,1057530,-,227
Rv0948c,1057646,1057963,-,317
Rv0949,1058260,1060575,+,2315
Rv0950c,1060656,1061654,-,998
Rv0951,1061964,1063127,+,1163
Rv0952,1063140,1064051,+,911
Rv0953c,1064114,1064962,-,848
Rv0954,1065127,1066038,+,911
Rv0955,1066078,1067445,+,1367
Rv0956,1067561,1068208,+,647
Rv0957,1068205,1069776,+,1571
Rv0958,1069883,1071262,+,1379
Rv0959,1071255,1073273,+,2018
Rv0960,1073545,1073928,+,383
Rv0961,1074074,1074421,+,347
Rv0962c,1074440,1075114,-,674
Rv0963c,1075297,1076097,-,800
Rv0964c,1076196,1076678,-,482
Rv0965c,1076778,1077197,-,419
Rv0966c,1077233,1077835,-,602
Rv0967,1077975,1078334,+,359
Rv0968,1078391,1078687,+,296
Rv0969,1078743,1081055,+,2312
Rv0970,1081052,1081684,+,632
Rv0971c,1081775,1082584,-,809
Rv0972c,1082584,1083750,-,1166
Rv0973c,1083747,1085750,-,2003
Rv0974c,1085756,1087345,-,1589
Rv0975c,1087348,1088496,-,1148
Rv0976c,1088493,1090175,-,1682
Rv0977,1090373,1093144,+,2771
Rv0978c,1093361,1094356,-,995
Rv0979A,1094886,1095059,+,173
Rv0979c,1094670,1094864,-,194
Rv0980c,1095078,1096451,-,1373
Rv0981,1096816,1097508,+,692
Rv0982,1097508,1099022,+,1514
Rv0983,1099066,1100460,+,1394
Rv0984,1100460,1101005,+,545
Rv0985c,1101025,1101480,-,455
Rv0986,1101803,1102549,+,746
Rv0987,1102542,1105109,+,2567
Rv0988,1105116,1106276,+,1160
Rv0989c,1106405,1107382,-,977
Rv0990c,1107443,1108099,-,656
Rv0991c,1108172,1108504,-,332
Rv0992c,1108578,1109171,-,593
Rv0993,1109272,1110192,+,920
Rv0994,1110269,1111549,+,1280
Rv0995,1111612,1112223,+,611
Rv0996,1112384,1113460,+,1076
Rv0997,1114293,1114724,+,431
Rv0998,1114748,1115749,+,1001
Rv0999,1115767,1116525,+,758
Rv1000c,1116531,1117148,-,617
Rv1001,1117185,1118393,+,1208
Rv1002c,1118428,1119939,-,1511
Rv1003,1120022,1120879,+,857
Rv1004c,1120889,1122148,-,1259
Rv1005c,1122222,1123598,-,1376
Rv1006,1123714,1125417,+,1703
Rv1007c,1125444,1127003,-,1559
Rv1008,1127089,1127883,+,794
Rv1009,1128091,1129179,+,1088
Rv1010,1129152,1130105,+,953
Rv1011,1130191,1131111,+,920
Rv1012,1131128,1131421,+,293
Rv1013,1131625,1133259,+,1634
Rv1014c,1133333,1133908,-,575
Rv1015c,1133921,1134568,-,647
Rv1016c,1134785,1135465,-,680
Rv1017c,1135501,1136481,-,980
Rv1018c,1136573,1138060,-,1487
Rv1019,1138315,1138908,+,593
Rv1020,1138967,1142671,+,3704
Rv1021,1142671,1143648,+,977
Rv1022,1143736,1144467,+,731
Rv1023,1144564,1145853,+,1289
Rv1024,1145858,1146544,+,686
Rv1025,1146561,1147028,+,467
Rv1026,1147019,1147978,+,959
Rv1027c,1148427,1149107,-,680
Rv1028A,1151920,1152012,+,92
Rv1028c,1149104,1151686,-,2582
Rv1029,1152012,1153727,+,1715
Rv1030,1153724,1155853,+,2129
Rv1031,1155853,1156422,+,569
Rv1032c,1156426,1157955,-,1529
Rv1033c,1157963,1158736,-,773
Rv1034c,1158918,1159307,-,389
Rv1035c,1159375,1160061,-,686
Rv1036c,1160095,1160433,-,338
Rv1037c,1160544,1160828,-,284
Rv1038c,1160855,1161151,-,296
Rv1039c,1161297,1162472,-,1175
Rv1040c,1162549,1163376,-,827
Rv1041c,1164572,1165435,-,863
Rv1042c,1165092,1165499,-,407
Rv1043c,1165781,1166806,-,1025
Rv1044,1167053,1167676,+,623
Rv1045,1167673,1168554,+,881
Rv1046c,1168704,1169228,-,524
Rv1047,1169423,1170670,+,1247
Rv1048c,1171038,1172153,-,1115
Rv1049,1172386,1172832,+,446
Rv1050,1172881,1173786,+,905
Rv1051c,1173945,1174700,-,755
Rv1052,1175723,1176112,+,389
Rv1053c,1176011,1176286,-,275
Rv1054,1176928,1177242,+,314
Rv1055,1177239,1177373,+,134
Rv1056,1177628,1178392,+,764
Rv1057,1179396,1180577,+,1181
Rv1058,1180684,1182315,+,1631
Rv1059,1182391,1183455,+,1064
Rv1060,1183508,1183981,+,473
Rv1061,1184015,1184878,+,863
Rv1062,1184883,1185740,+,857
Rv1063c,1185741,1186823,-,1082
Rv1064c,1186904,1187323,-,419
Rv1065,1187435,1188001,+,566
Rv1066,1187998,1188393,+,395
Rv1067c,1188421,1190424,-,2003
Rv1068c,1190757,1192148,-,1391
Rv1069c,1192510,1194273,-,1763
Rv1070c,1194270,1195043,-,773
Rv1071c,1195055,1196092,-,1037
Rv1072,1196279,1197115,+,836
Rv1073,1197231,1198082,+,851
Rv1074c,1198156,1199373,-,1217
Rv1075c,1199426,1200370,-,944
Rv1076,1200767,1201660,+,893
Rv1077,1201717,1203111,+,1394
Rv1078,1203313,1204035,+,722
Rv1079,1204067,1205233,+,1166
Rv1080c,1205304,1205798,-,494
Rv1081c,1205984,1206418,-,434
Rv1082,1206520,1207386,+,866
Rv1083,1207383,1207649,+,266
Rv1084,1207636,1209657,+,2021
Rv1085c,1209756,1210484,-,728
Rv1086,1210595,1211383,+,788
Rv1087,1211560,1213863,+,2303
Rv1087A,1214040,1214360,+,320
Rv1088,1214513,1214947,+,434
Rv1089,1214769,1215131,+,362
Rv1089A,1215517,1215621,+,104
Rv1090,1215599,1216054,+,455
Rv1091,1216469,1219030,+,2561
Rv1092c,1219248,1220186,-,938
Rv1093,1220574,1221854,+,1280
Rv1094,1221959,1222786,+,827
Rv1095,1222997,1224298,+,1301
Rv1096,1224385,1225260,+,875
Rv1097c,1225263,1226144,-,881
Rv1098c,1226141,1227565,-,1424
Rv1099c,1227596,1228582,-,986
Rv1100,1228683,1229384,+,701
Rv1101c,1229391,1230548,-,1157
Rv1102c,1230660,1230971,-,311
Rv1103c,1230971,1231291,-,320
Rv1104,1231301,1231990,+,689
Rv1105,1232311,1232826,+,515
Rv1106c,1232844,1233956,-,1112
Rv1107c,1233966,1234223,-,257
Rv1108c,1234213,1235460,-,1247
Rv1109c,1235457,1236095,-,638
Rv1110,1236185,1237192,+,1007
Rv1111c,1237209,1238192,-,983
Rv1112,1238255,1239328,+,1073
Rv1113,1239416,1239613,+,197
Rv1114,1239610,1239984,+,374
Rv1115,1240187,1240885,+,698
Rv1116,1241003,1241188,+,185
Rv1116A,1241115,1241390,-,275
Rv1117,1241633,1241956,+,323
Rv1118c,1241971,1242831,-,860
Rv1119c,1242864,1243013,-,149
Rv1120c,1243010,1243504,-,494
Rv1121,1243707,1245107,+,1400
Rv1122,1245129,1246151,+,1022
Rv1123c,1246144,1247052,-,908
Rv1124,1247127,1248077,+,950
Rv1125,1248082,1249326,+,1244
Rv1126c,1249330,1249935,-,605
Rv1127c,1249932,1251404,-,1472
Rv1128c,1251617,1252972,-,1355
Rv1129c,1253074,1254534,-,1460
Rv1130,1254555,1256135,+,1580
Rv1131,1256132,1257313,+,1181
Rv1132,1257325,1259055,+,1730
Rv1133c,1259067,1261346,-,2279
Rv1134,1261922,1262158,+,236
Rv1135A,1264314,1264556,+,242
Rv1135c,1262272,1264128,-,1856
Rv1136,1264606,1264947,+,341
Rv1137c,1265087,1265455,-,368
Rv1138c,1265472,1266488,-,1016
Rv1139c,1266485,1266985,-,500
Rv1140,1267347,1268195,+,848
Rv1141c,1268203,1269009,-,806
Rv1142c,1269152,1269958,-,806
Rv1143,1270062,1271144,+,1082
Rv1144,1271156,1271908,+,752
Rv1145,1272423,1273334,+,911
Rv1146,1273355,1274767,+,1412
Rv1147,1274900,1275550,+,650
Rv1148c,1276300,1277748,-,1448
Rv1149,1277893,1278300,+,407
Rv1150,1278269,1278817,+,548
Rv1151c,1278904,1279617,-,713
Rv1152,1279655,1280020,+,365
Rv1153c,1279998,1280846,-,848
Rv1154c,1280843,1281484,-,641
Rv1155,1281429,1281872,+,443
Rv1156,1282306,1282893,+,587
Rv1157c,1283056,1284171,-,1115
Rv1158c,1284179,1284862,-,683
Rv1159,1284992,1286287,+,1295
Rv1159A,1286284,1286568,-,284
Rv1160,1286595,1287020,+,425
Rv1161,1287328,1291026,+,3698
Rv1162,1291065,1292741,+,1676
Rv1163,1292798,1293403,+,605
Rv1164,1293406,1294146,+,740
Rv1165,1294168,1296054,+,1886
Rv1166,1296152,1298059,+,1907
Rv1167c,1298087,1298692,-,605
Rv1168c,1298764,1299804,-,1040
Rv1169c,1299822,1300124,-,302
Rv1170,1300304,1301215,+,911
Rv1171,1301307,1301747,+,440
Rv1172c,1301755,1302681,-,926
Rv1173,1302931,1305501,+,2570
Rv1174c,1305669,1306001,-,332
Rv1175c,1306202,1308226,-,2024
Rv1176c,1308223,1308792,-,569
Rv1177,1309005,1309331,+,326
Rv1178,1309364,1310452,+,1088
Rv1179c,1310480,1313299,-,2819
Rv1180,1313725,1315191,+,1466
Rv1181,1315234,1319982,+,4748
Rv1182,1320035,1321453,+,1418
Rv1183,1321520,1324528,+,3008
Rv1184c,1324532,1325611,-,1079
Rv1185c,1325776,1327512,-,1736
Rv1186c,1327689,1329305,-,1616
Rv1187,1329390,1331021,+,1631
Rv1188,1331021,1332010,+,989
Rv1189,1332092,1332964,+,872
Rv1190,1332980,1333858,+,878
Rv1191,1333931,1334845,+,914
Rv1192,1334927,1335754,+,827
Rv1193,1335794,1337215,+,1421
Rv1194c,1337248,1338513,-,1265
Rv1195,1339003,1339302,+,299
Rv1196,1339349,1340524,+,1175
Rv1197,1340659,1340955,+,296
Rv1198,1341006,1341290,+,284
Rv1199c,1341358,1342605,-,1247
Rv1200,1342942,1344219,+,1277
Rv1201c,1344216,1345169,-,953
Rv1202,1345260,1346324,+,1064
Rv1203c,1346321,1346905,-,584
Rv1204c,1346936,1348624,-,1688
Rv1205,1348719,1349282,+,563
Rv1206,1349332,1351125,+,1793
Rv1207,1351191,1352147,+,956
Rv1208,1352144,1353118,+,974
Rv1209,1353157,1353525,+,368
Rv1210,1353522,1354136,+,614
Rv1211,1354243,1354470,+,227
Rv1212c,1354498,1355661,-,1163
Rv1213,1355836,1357050,+,1214
Rv1214c,1357293,1357625,-,332
Rv1215c,1357759,1359444,-,1685
Rv1216c,1359472,1360146,-,674
Rv1217c,1360155,1361801,-,1646
Rv1218c,1361798,1362733,-,935
Rv1219c,1362723,1363361,-,638
Rv1220c,1363503,1364150,-,647
Rv1221,1364413,1365186,+,773
Rv1222,1365344,1365808,+,464
Rv1223,1365875,1367461,+,1586
Rv1224,1367463,1367858,+,395
Rv1225c,1367891,1368721,-,830
Rv1226c,1368832,1370295,-,1463
Rv1227c,1370292,1370825,-,533
Rv1228,1370920,1371477,+,557
Rv1229c,1371777,1372949,-,1172
Rv1230c,1372962,1374197,-,1235
Rv1231c,1374322,1374864,-,542
Rv1232c,1374861,1376168,-,1307
Rv1233c,1376230,1376826,-,596
Rv1234,1376976,1377503,+,527
Rv1235,1377524,1378930,+,1406
Rv1236,1378927,1379850,+,923
Rv1237,1379855,1380679,+,824
Rv1238,1380684,1381865,+,1181
Rv1239c,1381942,1383042,-,1100
Rv1240,1383213,1384202,+,989
Rv1241,1384278,1384538,+,260
Rv1242,1384535,1384966,+,431
Rv1243c,1384989,1386677,-,1688
Rv1244,1386857,1387717,+,860
Rv1245c,1387798,1388628,-,830
Rv1246c,1388685,1388978,-,293
Rv1247c,1388975,1389244,-,269
Rv1248c,1389357,1393052,-,3695
Rv1249c,1393194,1393982,-,788
Rv1250,1394179,1395918,+,1739
Rv1251c,1395821,1399240,-,3419
Rv1252c,1399296,1399904,-,608
Rv1253,1399970,1401661,+,1691
Rv1254,1401658,1402809,+,1151
Rv1255c,1402778,1403386,-,608
Rv1256c,1403386,1404603,-,1217
Rv1257c,1404717,1406084,-,1367
Rv1258c,1406081,1407340,-,1259
Rv1259,1407339,1408238,+,899
Rv1260,1408240,1409358,+,1118
Rv1261c,1409484,1409933,-,449
Rv1262c,1409938,1410372,-,434
Rv1263,1410431,1411819,+,1388
Rv1264,1411894,1413087,+,1193
Rv1265,1413260,1413940,+,680
Rv1266c,1413960,1415840,-,1880
Rv1267c,1416181,1417347,-,1166
Rv1268c,1417658,1418356,-,698
Rv1269c,1418579,1418953,-,374
Rv1270c,1419014,1419748,-,734
Rv1271c,1419961,1420302,-,341
Rv1272c,1420410,1422305,-,1895
Rv1273c,1422302,1424050,-,1748
Rv1274,1424197,1424754,+,557
Rv1275,1424751,1425293,+,542
Rv1276c,1425438,1425914,-,476
Rv1277,1426164,1427417,+,1253
Rv1278,1427414,1430041,+,2627
Rv1279,1430062,1431648,+,1586
Rv1280c,1431665,1433440,-,1775
Rv1281c,1433433,1435271,-,1838
Rv1282c,1435268,1436143,-,875
Rv1283c,1436140,1437117,-,977
Rv1284,1437324,1437815,+,491
Rv1285,1437909,1438907,+,998
Rv1286,1438907,1440751,+,1844
Rv1287,1440805,1441290,+,485
Rv1288,1441348,1442718,+,1370
Rv1289,1442767,1443399,+,632
Rv1290A,1445058,1445372,+,314
Rv1290c,1443482,1445047,-,1565
Rv1291c,1445499,1445834,-,335
Rv1292,1446379,1448031,+,1652
Rv1293,1448028,1449371,+,1343
Rv1294,1449375,1450700,+,1325
Rv1295,1450697,1451779,+,1082
Rv1296,1451997,1452947,+,950
Rv1297,1453204,1455012,+,1808
Rv1298,1455163,1455405,+,242
Rv1299,1455495,1456568,+,1073
Rv1300,1456565,1457542,+,977
Rv1301,1457558,1458211,+,653
Rv1302,1458295,1459509,+,1214
Rv1303,1459766,1460251,+,485
Rv1304,1460244,1460996,+,752
Rv1305,1461045,1461290,+,245
Rv1306,1461321,1461836,+,515
Rv1307,1461843,1463183,+,1340
Rv1308,1463228,1464877,+,1649
Rv1309,1464884,1465801,+,917
Rv1310,1465841,1467301,+,1460
Rv1311,1467315,1467680,+,365
Rv1312,1467688,1468131,+,443
Rv1313c,1468171,1469505,-,1334
Rv1314c,1469671,1470252,-,581
Rv1315,1470321,1471577,+,1256
Rv1316c,1477134,1477631,-,497
Rv1317c,1477628,1479118,-,1490
Rv1318c,1479199,1480824,-,1625
Rv1319c,1480894,1482501,-,1607
Rv1320c,1482514,1484217,-,1703
Rv1321,1484279,1484959,+,680
Rv1322,1484982,1485278,+,296
Rv1322A,1485313,1485771,-,458
Rv1323,1485862,1487031,+,1169
Rv1324,1487161,1488075,+,914
Rv1325c,1488154,1489965,-,1811
Rv1326c,1490117,1492312,-,2195
Rv1327c,1492320,1494425,-,2105
Rv1328,1494564,1497155,+,2591
Rv1329c,1497195,1499189,-,1994
Rv1330c,1499213,1500559,-,1346
Rv1331,1500661,1500966,+,305
Rv1332,1500926,1501582,+,656
Rv1333,1501599,1502633,+,1034
Rv1334,1502641,1503081,+,440
Rv1335,1503103,1503384,+,281
Rv1336,1503394,1504365,+,971
Rv1337,1504356,1505078,+,722
Rv1338,1505075,1505890,+,815
Rv1339,1505917,1506738,+,821
Rv1340,1506755,1507534,+,779
Rv1341,1507573,1508187,+,614
Rv1342c,1508184,1508546,-,362
Rv1343c,1508543,1508923,-,380
Rv1344,1508968,1509288,+,320
Rv1345,1509281,1510846,+,1565
Rv1346,1510846,1512006,+,1160
Rv1347c,1511973,1512605,-,632
Rv1348,1513047,1515626,+,2579
Rv1349,1515623,1517362,+,1739
Rv1350,1517491,1518234,+,743
Rv1351,1518231,1518560,+,329
Rv1352,1518763,1519134,+,371
Rv1353c,1519200,1519985,-,785
Rv1354c,1520005,1521876,-,1871
Rv1355c,1521885,1524032,-,2147
Rv1356c,1524029,1524820,-,791
Rv1357c,1525293,1526216,-,923
Rv1358,1526612,1530091,+,3479
Rv1359,1530173,1530925,+,752
Rv1360,1531348,1532370,+,1022
Rv1361c,1532443,1533633,-,1190
Rv1362c,1533948,1534610,-,662
Rv1363c,1534607,1535392,-,785
Rv1364c,1535683,1537644,-,1961
Rv1365c,1537783,1538169,-,386
Rv1366,1538390,1539211,+,821
Rv1367c,1539512,1540645,-,1133
Rv1368,1541020,1541805,+,785
Rv1369c,1541994,1542878,-,884
Rv1370c,1542929,1543255,-,326
Rv1371,1543359,1544828,+,1469
Rv1372,1544825,1546006,+,1181
Rv1373,1546012,1546992,+,980
Rv1374c,1547072,1547530,-,458
Rv1375,1547832,1549151,+,1319
Rv1376,1549148,1550641,+,1493
Rv1377c,1550579,1551217,-,638
Rv1378c,1551228,1552655,-,1427
Rv1379,1552654,1553235,+,581
Rv1380,1553232,1554191,+,959
Rv1381,1554188,1555480,+,1292
Rv1382,1555477,1555974,+,497
Rv1383,1555971,1557101,+,1130
Rv1384,1557101,1560448,+,3347
Rv1385,1560445,1561269,+,824
Rv1386,1561464,1561772,+,308
Rv1387,1561769,1563388,+,1619
Rv1388,1563694,1564266,+,572
Rv1389,1564401,1565027,+,626
Rv1390,1565093,1565425,+,332
Rv1391,1565441,1566697,+,1256
Rv1392,1566825,1568036,+,1211
Rv1393c,1568109,1569587,-,1478
Rv1394c,1569584,1570969,-,1385
Rv1395,1571047,1572081,+,1034
Rv1396c,1572127,1573857,-,1730
Rv1397c,1574112,1574513,-,401
Rv1398c,1574510,1574767,-,257
Rv1399c,1574850,1575809,-,959
Rv1400c,1575834,1576796,-,962
Rv1401,1576930,1577532,+,602
Rv1402,1577613,1579580,+,1967
Rv1403c,1579598,1580422,-,824
Rv1404,1580591,1581073,+,482
Rv1405c,1581145,1581969,-,824
Rv1406,1582166,1583104,+,938
Rv1407,1583101,1584474,+,1373
Rv1408,1584499,1585197,+,698
Rv1409,1585194,1586213,+,1019
Rv1410c,1586210,1587766,-,1556
Rv1411c,1587772,1588482,-,710
Rv1412,1588567,1589172,+,605
Rv1413,1589386,1589901,+,515
Rv1414,1589891,1590292,+,401
Rv1415,1590397,1591674,+,1277
Rv1416,1591689,1592153,+,464
Rv1417,1592150,1592614,+,464
Rv1418,1592639,1593325,+,686
Rv1419,1593505,1593978,+,473
Rv1420,1594042,1595982,+,1940
Rv1421,1595979,1596884,+,905
Rv1422,1596881,1597909,+,1028
Rv1423,1597906,1598883,+,977
Rv1424c,1598893,1599654,-,761
Rv1425,1599658,1601037,+,1379
Rv1426c,1601059,1602321,-,1262
Rv1427c,1602321,1603928,-,1607
Rv1428c,1603932,1604759,-,827
Rv1429,1604878,1606146,+,1268
Rv1430,1606386,1607972,+,1586
Rv1431,1608083,1609852,+,1769
Rv1432,1609849,1611270,+,1421
Rv1433,1611434,1612249,+,815
Rv1434,1612256,1612393,+,137
Rv1435c,1612342,1612950,-,608
Rv1436,1613307,1614326,+,1019
Rv1437,1614329,1615567,+,1238
Rv1438,1615564,1616349,+,785
Rv1439c,1616961,1617386,-,425
Rv1440,1617837,1618070,+,233
Rv1441c,1618209,1619684,-,1475
Rv1442,1619791,1622091,+,2300
Rv1443c,1622207,1622692,-,485
Rv1444c,1623287,1623697,-,410
Rv1445c,1623714,1624457,-,743
Rv1446c,1624454,1625365,-,911
Rv1447c,1625418,1626962,-,1544
Rv1448c,1626959,1628080,-,1121
Rv1449c,1628097,1630199,-,2102
Rv1450c,1630638,1634627,-,3989
Rv1451,1635029,1635955,+,926
Rv1452c,1636004,1638229,-,2225
Rv1453,1638381,1639646,+,1265
Rv1454c,1639674,1640660,-,986
Rv1455,1640680,1641543,+,863
Rv1456c,1641493,1642425,-,932
Rv1457c,1642537,1643322,-,785
Rv1458c,1643319,1644260,-,941
Rv1459c,1644363,1646138,-,1775
Rv1460,1646186,1646992,+,806
Rv1461,1646989,1649529,+,2540
Rv1462,1649526,1650719,+,1193
Rv1463,1650716,1651516,+,800
Rv1464,1651518,1652771,+,1253
Rv1465,1652768,1653256,+,488
Rv1466,1653231,1653578,+,347
Rv1467c,1653673,1655502,-,1829
Rv1468c,1655609,1656721,-,1112
Rv1469,1656963,1658936,+,1973
Rv1470,1658980,1659354,+,374
Rv1471,1659370,1659741,+,371
Rv1472,1659763,1660620,+,857
Rv1473,1660656,1662284,+,1628
Rv1473A,1662381,1662572,+,191
Rv1474c,1662641,1663204,-,563
Rv1475c,1663215,1666046,-,2831
Rv1476,1666204,1666764,+,560
Rv1477,1666990,1668408,+,1418
Rv1478,1668419,1669144,+,725
Rv1479,1669283,1670416,+,1133
Rv1480,1670413,1671366,+,953
Rv1481,1671377,1672384,+,1007
Rv1482c,1672457,1673299,-,842
Rv1483,1673440,1674183,+,743
Rv1484,1674202,1675011,+,809
Rv1485,1675017,1676051,+,1034
Rv1486c,1676017,1676883,-,866
Rv1487,1676941,1677375,+,434
Rv1488,1677397,1678542,+,1145
Rv1489,1678552,1678908,+,356
Rv1489A,1678942,1679172,+,230
Rv1490,1679322,1680629,+,1307
Rv1491c,1681208,1681966,-,758
Rv1492,1682157,1684004,+,1847
Rv1493,1684005,1686257,+,2252
Rv1494,1686271,1686573,+,302
Rv1495,1686570,1686887,+,317
Rv1496,1686884,1687888,+,1004
Rv1497,1687941,1689230,+,1289
Rv1498A,1690134,1690346,-,212
Rv1498c,1689303,1689920,-,617
Rv1499,1690407,1690805,+,398
Rv1500,1690850,1691878,+,1028
Rv1501,1691890,1692711,+,821
Rv1502,1692924,1693823,+,899
Rv1503c,1693996,1694544,-,548
Rv1504c,1694545,1695144,-,599
Rv1505c,1695281,1695946,-,665
Rv1506c,1695943,1696443,-,500
Rv1507A,1697356,1697859,+,503
Rv1507c,1696727,1697422,-,695
Rv1508A,1699866,1700228,+,362
Rv1508c,1698095,1699894,-,1799
Rv1509,1700212,1701093,+,881
Rv1510,1701295,1702593,+,1298
Rv1511,1703074,1704096,+,1022
Rv1512,1704093,1705061,+,968
Rv1513,1705058,1705789,+,731
Rv1514c,1705807,1706595,-,788
Rv1515c,1706630,1707526,-,896
Rv1516c,1707529,1708539,-,1010
Rv1517,1708871,1709635,+,764
Rv1518,1709644,1710603,+,959
Rv1519,1710733,1711002,+,269
Rv1520,1711028,1712068,+,1040
Rv1521,1712302,1714053,+,1751
Rv1522c,1714172,1717612,-,3440
Rv1523,1717653,1718696,+,1043
Rv1524,1718726,1719970,+,1244
Rv1525,1720017,1720802,+,785
Rv1526c,1720780,1722060,-,1280
Rv1527c,1722083,1728409,-,6326
Rv1528c,1728953,1729450,-,497
Rv1529,1729502,1731256,+,1754
Rv1530,1731373,1732476,+,1103
Rv1531,1732473,1733039,+,566
Rv1532c,1733116,1733550,-,434
Rv1533,1733610,1734737,+,1127
Rv1534,1734734,1735411,+,677
Rv1535,1735976,1736212,+,236
Rv1536,1736519,1739644,+,3125
Rv1537,1739841,1741247,+,1406
Rv1538c,1741212,1742192,-,980
Rv1539,1742244,1742852,+,608
Rv1540,1742845,1743771,+,926
Rv1541c,1743778,1744371,-,593
Rv1542c,1744426,1744836,-,410
Rv1543,1745064,1746089,+,1025
Rv1544,1746094,1746897,+,803
Rv1545,1746919,1747146,+,227
Rv1546,1747195,1747626,+,431
Rv1547,1747694,1751248,+,3554
Rv1548c,1751297,1753333,-,2036
Rv1549,1753510,1754037,+,527
Rv1550,1753716,1755431,+,1715
Rv1551,1755445,1757310,+,1865
Rv1552,1757681,1759432,+,1751
Rv1553,1759435,1760178,+,743
Rv1554,1760175,1760555,+,380
Rv1555,1760552,1760929,+,377
Rv1556,1760997,1761605,+,608
Rv1557,1761744,1762937,+,1193
Rv1558,1762947,1763393,+,446
Rv1559,1763428,1764717,+,1289
Rv1560,1764755,1764973,+,218
Rv1561,1764979,1765383,+,404
Rv1562c,1765400,1767142,-,1742
Rv1563c,1767135,1769432,-,2297
Rv1564c,1769436,1771601,-,2165
Rv1565c,1771640,1773829,-,2189
Rv1566c,1773928,1774620,-,692
Rv1567c,1774860,1775144,-,284
Rv1568,1775392,1776705,+,1313
Rv1569,1776702,1777862,+,1160
Rv1570,1777859,1778539,+,680
Rv1571,1778539,1779048,+,509
Rv1572c,1779194,1779298,-,104
Rv1573,1779314,1779724,+,410
Rv1574,1779930,1780241,+,311
Rv1575,1780199,1780699,+,500
Rv1576c,1780643,1782064,-,1421
Rv1577c,1782072,1782584,-,512
Rv1578c,1782758,1783228,-,470
Rv1579c,1783309,1783623,-,314
Rv1580c,1783620,1783892,-,272
Rv1581c,1783906,1784301,-,395
Rv1582c,1784497,1785912,-,1415
Rv1583c,1785912,1786310,-,398
Rv1584c,1786307,1786528,-,221
Rv1585c,1786584,1787099,-,515
Rv1586c,1787096,1788505,-,1409
Rv1587c,1788162,1789163,-,1001
Rv1588c,1789168,1789836,-,668
Rv1589,1790284,1791333,+,1049
Rv1590,1791334,1791573,+,239
Rv1591,1791570,1792235,+,665
Rv1592c,1792400,1793740,-,1340
Rv1593c,1793997,1794707,-,710
Rv1594,1794756,1795805,+,1049
Rv1595,1795805,1797388,+,1583
Rv1596,1797388,1798245,+,857
Rv1597,1798294,1799052,+,758
Rv1598c,1799073,1799483,-,410
Rv1599,1799583,1800899,+,1316
Rv1600,1800896,1802038,+,1142
Rv1601,1802035,1802667,+,632
Rv1602,1802664,1803284,+,620
Rv1603,1803294,1804031,+,737
Rv1604,1804039,1804851,+,812
Rv1605,1804853,1805656,+,803
Rv1606,1805653,1806000,+,347
Rv1607,1806181,1807263,+,1082
Rv1608c,1807298,1807762,-,464
Rv1609,1807903,1809453,+,1550
Rv1610,1809443,1810150,+,707
Rv1611,1810240,1811058,+,818
Rv1612,1811127,1812359,+,1232
Rv1613,1812359,1813171,+,812
Rv1614,1813171,1814577,+,1406
Rv1615,1815253,1815693,+,440
Rv1616,1815683,1816081,+,398
Rv1617,1816189,1817607,+,1418
Rv1618,1817615,1818517,+,902
Rv1619,1818575,1820029,+,1454
Rv1620c,1819963,1821693,-,1730
Rv1621c,1821690,1823273,-,1583
Rv1622c,1823360,1824400,-,1040
Rv1623c,1824430,1825887,-,1457
Rv1624c,1825998,1826585,-,587
Rv1625c,1826614,1827945,-,1331
Rv1626,1828180,1828797,+,617
Rv1627c,1828865,1830073,-,1208
Rv1628c,1830070,1830561,-,491
Rv1629,1830665,1833379,+,2714
Rv1630,1833542,1834987,+,1445
Rv1631,1835013,1836236,+,1223
Rv1632c,1836387,1836830,-,443
Rv1633,1837075,1839171,+,2096
Rv1634,1839168,1840583,+,1415
Rv1635c,1840572,1842242,-,1670
Rv1636,1842451,1842891,+,440
Rv1637c,1842898,1843692,-,794
Rv1638,1843741,1846659,+,2918
Rv1638A,1846716,1846973,-,257
Rv1639c,1848003,1848032,-,29
Rv1640c,1848517,1852035,-,3518
Rv1641,1852273,1852878,+,605
Rv1642,1852928,1853122,+,194
Rv1643,1853184,1853573,+,389
Rv1644,1853606,1854388,+,782
Rv1645c,1854399,1855454,-,1055
Rv1646,1855764,1856696,+,932
Rv1647,1856774,1857724,+,950
Rv1648,1857731,1858537,+,806
Rv1649,1858733,1859758,+,1025
Rv1650,1859758,1862253,+,2495
Rv1651c,1862347,1865382,-,3035
Rv1652,1865576,1866634,+,1058
Rv1653,1866631,1867845,+,1214
Rv1654,1867842,1868726,+,884
Rv1655,1868723,1869925,+,1202
Rv1656,1869922,1870845,+,923
Rv1657,1870842,1871354,+,512
Rv1658,1871363,1872559,+,1196
Rv1659,1872639,1874051,+,1412
Rv1660,1874160,1875221,+,1061
Rv1661,1875304,1881684,+,6380
Rv1662,1881704,1886512,+,4808
Rv1663,1886512,1888020,+,1508
Rv1664,1888026,1891079,+,3053
Rv1665,1891226,1892287,+,1061
Rv1666c,1892270,1893562,-,1292
Rv1667c,1893577,1894230,-,653
Rv1668c,1894224,1895342,-,1118
Rv1669,1895725,1896087,+,362
Rv1670,1896120,1896467,+,347
Rv1671,1896475,1896867,+,392
Rv1672c,1896876,1898207,-,1331
Rv1673c,1898300,1899232,-,932
Rv1674c,1899260,1899916,-,656
Rv1675c,1900241,1900975,-,734
Rv1676,1901047,1901751,+,704
Rv1677,1901748,1902296,+,548
Rv1678,1902397,1903299,+,902
Rv1679,1903299,1904420,+,1121
Rv1680,1904429,1905253,+,824
Rv1681,1905250,1906242,+,992
Rv1682,1906403,1907320,+,917
Rv1683,1907594,1910593,+,2999
Rv1684,1910586,1910810,+,224
Rv1685c,1910776,1911399,-,623
Rv1686c,1911401,1912081,-,680
Rv1687c,1912153,1912920,-,767
Rv1688,1912979,1913590,+,611
Rv1689,1913602,1914876,+,1274
Rv1690,1915527,1915910,+,383
Rv1691,1915949,1916701,+,752
Rv1692,1916698,1917759,+,1061
Rv1693,1917756,1917932,+,176
Rv1694,1917940,1918746,+,806
Rv1695,1918746,1919669,+,923
Rv1696,1919683,1921446,+,1763
Rv1697,1921542,1922723,+,1181
Rv1698,1922745,1923689,+,944
Rv1699,1923829,1925589,+,1760
Rv1700,1925582,1926205,+,623
Rv1701,1926202,1927137,+,935
Rv1702c,1927211,1928575,-,1364
Rv1703c,1929131,1929721,-,590
Rv1704c,1929786,1931456,-,1670
Rv1705c,1931497,1932654,-,1157
Rv1706A,1934482,1934649,-,167
Rv1706c,1932694,1933878,-,1184
Rv1707,1934882,1936342,+,1460
Rv1708,1936360,1937316,+,956
Rv1709,1937313,1938149,+,836
Rv1710,1938146,1938841,+,695
Rv1711,1938838,1939602,+,764
Rv1712,1939599,1940291,+,692
Rv1713,1940288,1941679,+,1391
Rv1714,1941853,1942665,+,812
Rv1715,1942659,1943573,+,914
Rv1716,1943576,1944406,+,830
Rv1717,1944406,1944756,+,350
Rv1718,1944809,1945627,+,818
Rv1719,1945641,1946420,+,779
Rv1720c,1947030,1947419,-,389
Rv1721c,1947416,1947643,-,227
Rv1722,1947861,1949345,+,1484
Rv1723,1949342,1950589,+,1247
Rv1724c,1950632,1951051,-,419
Rv1725c,1951041,1951751,-,710
Rv1726,1951852,1953237,+,1385
Rv1727,1953270,1953839,+,569
Rv1728c,1953864,1954634,-,770
Rv1729c,1954631,1955569,-,938
Rv1730c,1955692,1957245,-,1553
Rv1731,1957677,1959233,+,1556
Rv1732c,1959243,1959791,-,548
Rv1733c,1959855,1960487,-,632
Rv1734c,1960774,1961016,-,242
Rv1735c,1961291,1961788,-,497
Rv1736c,1962228,1964186,-,1958
Rv1737c,1964183,1965370,-,1187
Rv1738,1965657,1965941,+,284
Rv1739c,1965955,1967637,-,1682
Rv1740,1967705,1967917,+,212
Rv1741,1967917,1968165,+,248
Rv1742,1968173,1968910,+,737
Rv1743,1969004,1970704,+,1700
Rv1744c,1970989,1971390,-,401
Rv1745c,1971380,1971991,-,611
Rv1746,1972138,1973568,+,1430
Rv1747,1973630,1976227,+,2597
Rv1748,1976600,1977331,+,731
Rv1749c,1977328,1977885,-,557
Rv1750c,1977969,1979567,-,1598
Rv1751,1979621,1981003,+,1382
Rv1752,1981130,1981579,+,449
Rv1753c,1981614,1984775,-,3161
Rv1754c,1984979,1986670,-,1691
Rv1755c,1986854,1987696,-,842
Rv1756c,1987745,1988629,-,884
Rv1757c,1988680,1989006,-,326
Rv1758,1989042,1989566,+,524
Rv1759c,1989833,1992577,-,2744
Rv1760,1993153,1994661,+,1508
Rv1761c,1994671,1995054,-,383
Rv1762c,1995054,1995842,-,788
Rv1763,1996152,1996478,+,326
Rv1764,1996529,1997413,+,884
Rv1765A,1999142,1999357,-,215
Rv1765c,1997418,1998515,-,1097
Rv1766,1999737,2000006,+,269
Rv1767,2000074,2000433,+,359
Rv1768,2000614,2002470,+,1856
Rv1769,2002626,2003870,+,1244
Rv1770,2003878,2005164,+,1286
Rv1771,2005161,2006447,+,1286
Rv1772,2006636,2006947,+,311
Rv1773c,2007020,2007766,-,746
Rv1774,2007832,2009172,+,1340
Rv1775,2009172,2009990,+,818
Rv1776c,2009995,2010555,-,560
Rv1777,2010656,2011960,+,1304
Rv1778c,2012081,2012530,-,449
Rv1779c,2012686,2014479,-,1793
Rv1780,2014699,2015262,+,563
Rv1781c,2015302,2017476,-,2174
Rv1782,2017740,2019260,+,1520
Rv1783,2019257,2020564,+,1307
Rv1784,2020634,2023432,+,2798
Rv1785c,2023447,2024628,-,1181
Rv1786,2024828,2025031,+,203
Rv1787,2025301,2026398,+,1097
Rv1788,2026477,2026776,+,299
Rv1789,2026790,2027971,+,1181
Rv1790,2028425,2029477,+,1052
Rv1791,2029904,2030203,+,299
Rv1792,2030347,2030643,+,296
Rv1793,2030694,2030978,+,284
Rv1794,2031066,2031968,+,902
Rv1795,2032240,2033751,+,1511
Rv1796,2033729,2035486,+,1757
Rv1797,2035483,2036703,+,1220
Rv1798,2036700,2038532,+,1832
Rv1799,2039159,2039350,+,191
Rv1800,2039453,2041420,+,1967
Rv1801,2042001,2043272,+,1271
Rv1802,2043384,2044775,+,1391
Rv1803c,2044923,2046842,-,1919
Rv1804c,2047023,2047349,-,326
Rv1805c,2047687,2048034,-,347
Rv1806,2048072,2048371,+,299
Rv1807,2048398,2049597,+,1199
Rv1808,2049921,2051150,+,1229
Rv1809,2051282,2052688,+,1406
Rv1810,2052933,2053289,+,356
Rv1811,2053443,2054147,+,704
Rv1812c,2054157,2055359,-,1202
Rv1813c,2055681,2056112,-,431
Rv1814,2056521,2057423,+,902
Rv1815,2057528,2058193,+,665
Rv1816,2058256,2058960,+,704
Rv1817,2059595,2061058,+,1463
Rv1818c,2061178,2062674,-,1496
Rv1819c,2062809,2064728,-,1919
Rv1820,2064799,2066442,+,1643
Rv1821,2066457,2068883,+,2426
Rv1822,2069080,2069709,+,629
Rv1823,2069702,2070625,+,923
Rv1824,2070654,2071019,+,365
Rv1825,2071036,2071914,+,878
Rv1826,2071952,2072356,+,404
Rv1827,2072596,2073084,+,488
Rv1828,2073081,2073824,+,743
Rv1829,2073943,2074437,+,494
Rv1830,2074841,2075518,+,677
Rv1831,2075571,2075828,+,257
Rv1832,2075877,2078702,+,2825
Rv1833c,2078929,2079789,-,860
Rv1834,2079830,2080696,+,866
Rv1835c,2080701,2082587,-,1886
Rv1836c,2082603,2084636,-,2033
Rv1837c,2084756,2086981,-,2225
Rv1838c,2087257,2087652,-,395
Rv1839c,2087649,2087912,-,263
Rv1840c,2087971,2089518,-,1547
Rv1841c,2089681,2090718,-,1037
Rv1842c,2090718,2092085,-,1367
Rv1843c,2092259,2093698,-,1439
Rv1844c,2093731,2095188,-,1457
Rv1845c,2095218,2096168,-,950
Rv1846c,2096183,2096599,-,416
Rv1847,2096877,2097299,+,422
Rv1848,2097348,2097650,+,302
Rv1849,2097647,2097961,+,314
Rv1850,2097961,2099694,+,1733
Rv1851,2099694,2100329,+,635
Rv1852,2100340,2101014,+,674
Rv1853,2101022,2101648,+,626
Rv1854c,2101651,2103042,-,1391
Rv1855c,2103184,2104107,-,923
Rv1856c,2104146,2104823,-,677
Rv1857,2104985,2105770,+,785
Rv1858,2105773,2106567,+,794
Rv1859,2106574,2107683,+,1109
Rv1860,2107736,2108713,+,977
Rv1861,2109165,2109470,+,305
Rv1862,2109544,2110584,+,1040
Rv1863c,2110591,2111361,-,770
Rv1864c,2111354,2112109,-,755
Rv1865c,2112106,2112966,-,860
Rv1866,2113140,2115476,+,2336
Rv1867,2115764,2117248,+,1484
Rv1868,2117347,2119446,+,2099
Rv1869c,2119460,2120695,-,1235
Rv1870c,2120795,2121430,-,635
Rv1871c,2121495,2121884,-,389
Rv1872c,2121907,2123151,-,1244
Rv1873,2123174,2123611,+,437
Rv1874,2123684,2124370,+,686
Rv1875,2124381,2124824,+,443
Rv1876,2125340,2125819,+,479
Rv1877,2125904,2127967,+,2063
Rv1878,2128022,2129374,+,1352
Rv1879,2129377,2130513,+,1136
Rv1880c,2130541,2131857,-,1316
Rv1881c,2131907,2132329,-,422
Rv1882c,2132370,2133203,-,833
Rv1883c,2133231,2133692,-,461
Rv1884c,2133731,2134261,-,530
Rv1885c,2134273,2134872,-,599
Rv1886c,2134890,2135867,-,977
Rv1887,2136258,2137400,+,1142
Rv1888A,2138444,2138617,-,173
Rv1888c,2137519,2138079,-,560
Rv1889c,2138661,2139017,-,356
Rv1890c,2139076,2139687,-,611
Rv1891,2139741,2140148,+,407
Rv1892,2140165,2140476,+,311
Rv1893,2140486,2140704,+,218
Rv1894c,2140739,2141869,-,1130
Rv1895,2142521,2143675,+,1154
Rv1896c,2143535,2144446,-,911
Rv1897c,2144451,2144882,-,431
Rv1898,2144940,2145248,+,308
Rv1899c,2145214,2146245,-,1031
Rv1900c,2146245,2147633,-,1388
Rv1901,2147662,2148954,+,1292
Rv1902c,2149006,2150274,-,1268
Rv1903,2150364,2150768,+,404
Rv1904,2150954,2151385,+,431
Rv1905c,2151433,2152395,-,962
Rv1906c,2152425,2152895,-,470
Rv1907c,2153235,2153882,-,647
Rv1908c,2153889,2156111,-,2222
Rv1909c,2156149,2156601,-,452
Rv1910c,2156706,2157299,-,593
Rv1911c,2157382,2157987,-,605
Rv1912c,2158087,2159091,-,1004
Rv1913,2159191,2159943,+,752
Rv1914c,2159921,2160328,-,407
Rv1915,2160463,2161566,+,1103
Rv1916,2161566,2162762,+,1196
Rv1917c,2162932,2167311,-,4379
Rv1918c,2167649,2170612,-,2963
Rv1919c,2171061,2171525,-,464
Rv1920,2171623,2172486,+,863
Rv1921c,2172524,2173795,-,1271
Rv1922,2174067,2175182,+,1115
Rv1923,2175173,2176513,+,1340
Rv1924c,2176550,2176930,-,380
Rv1925,2177087,2178949,+,1862
Rv1926c,2178957,2179436,-,479
Rv1927,2179673,2180446,+,773
Rv1928c,2180450,2181217,-,767
Rv1929c,2181262,2181906,-,644
Rv1930c,2181918,2182442,-,524
Rv1931c,2182460,2183239,-,779
Rv1932,2183372,2183869,+,497
Rv1933c,2183866,2184957,-,1091
Rv1934c,2184959,2186188,-,1229
Rv1935c,2186203,2187159,-,956
Rv1936,2187384,2188493,+,1109
Rv1937,2188496,2191015,+,2519
Rv1938,2191027,2192097,+,1070
Rv1939,2192094,2192609,+,515
Rv1940,2192606,2193667,+,1061
Rv1941,2193664,2194434,+,770
Rv1942c,2194644,2194973,-,329
Rv1943c,2194970,2195347,-,377
Rv1944c,2195344,2195934,-,590
Rv1945,2195989,2197353,+,1364
Rv1946c,2197508,2197960,-,452
Rv1947,2198024,2198425,+,401
Rv1948c,2198714,2199064,-,350
Rv1949c,2199075,2200034,-,959
Rv1950c,2199998,2200189,-,191
Rv1951c,2200190,2200486,-,296
Rv1952,2200726,2200941,+,215
Rv1953,2200938,2201249,+,311
Rv1954c,2201223,2201744,-,521
Rv1955,2201584,2202096,+,512
Rv1956,2202138,2202587,+,449
Rv1957,2202584,2203129,+,545
Rv1958c,2203018,2203632,-,614
Rv1959c,2203681,2203977,-,296
Rv1960c,2203974,2204225,-,251
Rv1961,2204212,2204706,+,494
Rv1962c,2204866,2205273,-,407
Rv1963c,2205582,2206802,-,1220
Rv1964,2207700,2208497,+,797
Rv1965,2208507,2209322,+,815
Rv1966,2209327,2210604,+,1277
Rv1967,2210601,2211629,+,1028
Rv1968,2211626,2212858,+,1232
Rv1969,2212855,2214126,+,1271
Rv1970,2214123,2215256,+,1133
Rv1971,2215257,2216570,+,1313
Rv1972,2216592,2217167,+,575
Rv1973,2217164,2217646,+,482
Rv1974,2217659,2218036,+,377
Rv1975,2218052,2218717,+,665
Rv1976c,2218844,2219251,-,407
Rv1977,2219754,2220800,+,1046
Rv1978,2220908,2221756,+,848
Rv1979c,2221719,2223164,-,1445
Rv1980c,2223343,2224029,-,686
Rv1981c,2224220,2225188,-,968
Rv1982c,2225413,2225832,-,419
Rv1983,2226244,2227920,+,1676
Rv1984c,2227908,2228561,-,653
Rv1985c,2228991,2229902,-,911
Rv1986,2230011,2230610,+,599
Rv1987,2231026,2231454,+,428
Rv1988,2231680,2232219,+,539
Rv1989c,2232739,2233299,-,560
Rv1990A,2233881,2234216,-,335
Rv1990c,2233296,2233637,-,341
Rv1991c,2234305,2234649,-,344
Rv1992c,2234991,2237306,-,2315
Rv1993c,2237303,2237575,-,272
Rv1994c,2237628,2237984,-,356
Rv1995,2238141,2238908,+,767
Rv1996,2239004,2239957,+,953
Rv1997,2240159,2242876,+,2717
Rv1998c,2242945,2243721,-,776
Rv1999c,2243816,2245138,-,1322
Rv2000,2245209,2246822,+,1613
Rv2001,2246832,2247584,+,752
Rv2002,2247660,2248442,+,782
Rv2003c,2248563,2249420,-,857
Rv2004c,2249478,2250974,-,1496
Rv2005c,2250996,2251883,-,887
Rv2006,2252002,2255985,+,3983
Rv2007c,2256084,2256428,-,344
Rv2008c,2256617,2257942,-,1325
Rv2009,2258030,2258272,+,242
Rv2010,2258273,2258671,+,398
Rv2011c,2258854,2259285,-,431
Rv2012,2259326,2259820,+,494
Rv2013,2260665,2261144,+,479
Rv2014,2261098,2261688,+,590
Rv2015c,2261816,2263072,-,1256
Rv2016,2263426,2264001,+,575
Rv2017,2263998,2265038,+,1040
Rv2018,2265280,2265999,+,719
Rv2019,2265989,2266405,+,416
Rv2020c,2266421,2266720,-,299
Rv2021c,2266805,2267110,-,305
Rv2022c,2267119,2267724,-,605
Rv2023A,2268268,2268726,-,458
Rv2023c,2267749,2268108,-,359
Rv2024c,2268693,2270240,-,1547
Rv2025c,2270750,2271748,-,998
Rv2026c,2271863,2272747,-,884
Rv2027c,2272787,2274508,-,1721
Rv2028c,2274569,2275408,-,839
Rv2029c,2275405,2276424,-,1019
Rv2030c,2276441,2278486,-,2045
Rv2031c,2278498,2278932,-,434
Rv2032,2279129,2280124,+,995
Rv2033c,2280240,2281082,-,842
Rv2034,2281294,2281617,+,323
Rv2035,2281614,2282102,+,488
Rv2036,2282099,2282740,+,641
Rv2037c,2282747,2283721,-,974
Rv2038c,2283723,2284796,-,1073
Rv2039c,2284799,2285641,-,842
Rv2040c,2285628,2286530,-,902
Rv2041c,2286527,2287846,-,1319
Rv2042c,2287884,2288681,-,797
Rv2043c,2288681,2289241,-,560
Rv2044c,2289282,2289599,-,317
Rv2045c,2289685,2291220,-,1535
Rv2046,2291269,2291925,+,656
Rv2047c,2291962,2294526,-,2564
Rv2048c,2294531,2306986,-,12455
Rv2049c,2307293,2307517,-,224
Rv2050,2307821,2308156,+,335
Rv2051c,2308131,2310755,-,2624
Rv2052c,2310913,2312517,-,1604
Rv2053c,2312522,2313049,-,527
Rv2054,2313125,2313838,+,713
Rv2055c,2314087,2314353,-,266
Rv2056c,2314354,2314659,-,305
Rv2057c,2314661,2314825,-,164
Rv2058c,2314825,2315061,-,236
Rv2059,2315174,2316709,+,1535
Rv2060,2316279,2316680,+,401
Rv2061c,2316681,2317085,-,404
Rv2062c,2317169,2320753,-,3584
Rv2063,2320831,2321064,+,233
Rv2064,2321451,2322542,+,1091
Rv2065,2322552,2323178,+,626
Rv2066,2323175,2324701,+,1526
Rv2067c,2324647,2325870,-,1223
Rv2068c,2325886,2326809,-,923
Rv2069,2326944,2327501,+,557
Rv2070c,2327491,2328225,-,734
Rv2071c,2328222,2328977,-,755
Rv2072c,2328974,2330146,-,1172
Rv2073c,2330214,2330963,-,749
Rv2074,2330993,2331406,+,413
Rv2075c,2331416,2332879,-,1463
Rv2076c,2333037,2333288,-,251
Rv2077A,2334295,2334594,-,299
Rv2077c,2333323,2334294,-,971
Rv2078,2335059,2335373,+,314
Rv2079,2335355,2337325,+,1970
Rv2080,2337306,2337869,+,563
Rv2081c,2338065,2338505,-,440
Rv2082,2338709,2340874,+,2165
Rv2083,2340871,2341815,+,944
Rv2084,2341808,2342944,+,1136
Rv2085,2343027,2343332,+,305
Rv2086,2343311,2343916,+,605
Rv2087,2343994,2344224,+,230
Rv2088,2344411,2346180,+,1769
Rv2089c,2346197,2347324,-,1127
Rv2090,2347373,2348554,+,1181
Rv2091c,2348558,2349292,-,734
Rv2092c,2349334,2352054,-,2720
Rv2093c,2352103,2353029,-,926
Rv2094c,2353046,2353297,-,251
Rv2095c,2353365,2354315,-,950
Rv2096c,2354312,2355310,-,998
Rv2097c,2355319,2356677,-,1358
Rv2098c,2356729,2358206,-,1477
Rv2099c,2358033,2358206,-,173
Rv2100,2358389,2360041,+,1652
Rv2101,2360240,2363281,+,3041
Rv2102,2363391,2364107,+,716
Rv2103c,2364086,2364520,-,434
Rv2104c,2364527,2364781,-,254
Rv2105,2365465,2365791,+,326
Rv2106,2365788,2366726,+,938
Rv2107,2367359,2367655,+,296
Rv2108,2367711,2368442,+,731
Rv2109c,2368983,2369729,-,746
Rv2110c,2369726,2370601,-,875
Rv2111c,2370598,2370792,-,194
Rv2112c,2370905,2372569,-,1664
Rv2113,2372630,2373823,+,1193
Rv2114,2373834,2374457,+,623
Rv2115c,2374461,2376290,-,1829
Rv2116,2376571,2377140,+,569
Rv2117,2377148,2377441,+,293
Rv2118c,2377470,2378312,-,842
Rv2119,2378386,2379222,+,836
Rv2120c,2379245,2379727,-,482
Rv2121c,2379806,2380660,-,854
Rv2122c,2380663,2380944,-,281
Rv2123,2381071,2382492,+,1421
Rv2124c,2382489,2386067,-,3578
Rv2125,2386293,2387171,+,878
Rv2126c,2387202,2387972,-,770
Rv2127,2388616,2390085,+,1469
Rv2128,2390085,2390288,+,203
Rv2129c,2390308,2391189,-,881
Rv2130c,2391215,2392459,-,1244
Rv2131c,2392517,2393320,-,803
Rv2132,2393411,2393641,+,230
Rv2133c,2393851,2394639,-,788
Rv2134c,2394650,2395237,-,587
Rv2135c,2395301,2396011,-,710
Rv2136c,2396008,2396838,-,830
Rv2137c,2396902,2397315,-,413
Rv2138,2397330,2398406,+,1076
Rv2139,2398720,2399793,+,1073
Rv2140c,2399798,2400328,-,530
Rv2141c,2400376,2401722,-,1346
Rv2142c,2402193,2402510,-,317
Rv2143,2402977,2404035,+,1058
Rv2144c,2404165,2404521,-,356
Rv2145c,2404616,2405398,-,782
Rv2146c,2405666,2405956,-,290
Rv2147c,2406118,2406843,-,725
Rv2148c,2406840,2407616,-,776
Rv2149c,2407622,2408374,-,752
Rv2150c,2408385,2409524,-,1139
Rv2151c,2409697,2410641,-,944
Rv2152c,2410638,2412122,-,1484
Rv2153c,2412119,2413351,-,1232
Rv2154c,2413348,2414922,-,1574
Rv2155c,2414934,2416394,-,1460
Rv2156c,2416396,2417475,-,1079
Rv2157c,2417472,2419004,-,1532
Rv2158c,2419001,2420608,-,1607
Rv2159c,2420631,2421665,-,1034
Rv2160A,2421643,2422278,-,635
Rv2160c,2421662,2422003,-,341
Rv2161c,2422271,2423137,-,866
Rv2162c,2423240,2424838,-,1598
Rv2163c,2425048,2427087,-,2039
Rv2164c,2427084,2428238,-,1154
Rv2165c,2428235,2429269,-,1034
Rv2166c,2429427,2429858,-,431
Rv2167c,2430159,2431199,-,1040
Rv2168c,2431094,2431420,-,326
Rv2169c,2431565,2431969,-,404
Rv2170,2432235,2432855,+,620
Rv2171,2432951,2433634,+,683
Rv2172c,2433631,2434536,-,905
Rv2173,2434847,2435905,+,1058
Rv2174,2435909,2437459,+,1550
Rv2175c,2437446,2437886,-,440
Rv2176,2437941,2439140,+,1199
Rv2177c,2439282,2439947,-,665
Rv2178c,2440332,2441720,-,1388
Rv2179c,2441811,2442317,-,506
Rv2180c,2442327,2443214,-,887
Rv2181,2443302,2444585,+,1283
Rv2182c,2444586,2445329,-,743
Rv2183c,2445415,2445810,-,395
Rv2184c,2445807,2446946,-,1139
Rv2185c,2447066,2447500,-,434
Rv2186c,2447605,2447994,-,389
Rv2187,2448160,2449962,+,1802
Rv2188c,2449993,2451150,-,1157
Rv2189c,2451247,2452020,-,773
Rv2190c,2452115,2453272,-,1157
Rv2191,2453819,2455756,+,1937
Rv2192c,2455631,2456743,-,1112
Rv2193,2456901,2457512,+,611
Rv2194,2457553,2458395,+,842
Rv2195,2458392,2459681,+,1289
Rv2196,2459678,2461327,+,1649
Rv2197c,2461504,2462148,-,644
Rv2198c,2462148,2463047,-,899
Rv2199c,2463233,2463652,-,419
Rv2200c,2463660,2464751,-,1091
Rv2201,2464997,2466955,+,1958
Rv2202c,2467053,2468027,-,974
Rv2203,2468231,2468923,+,692
Rv2204c,2468931,2469287,-,356
Rv2205c,2469387,2470463,-,1076
Rv2206,2470622,2471332,+,710
Rv2207,2471411,2472496,+,1085
Rv2208,2472493,2473242,+,749
Rv2209,2473400,2474938,+,1538
Rv2210c,2474864,2475970,-,1106
Rv2211c,2476042,2477181,-,1139
Rv2212,2477190,2478326,+,1136
Rv2213,2478338,2479885,+,1547
Rv2214c,2479923,2481701,-,1778
Rv2215,2481965,2483626,+,1661
Rv2216,2483626,2484531,+,905
Rv2217,2484584,2485276,+,692
Rv2218,2485273,2486208,+,935
Rv2219,2486235,2486987,+,752
Rv2219A,2486994,2487416,-,422
Rv2220,2487615,2489051,+,1436
Rv2221c,2489369,2492353,-,2984
Rv2222c,2492402,2493742,-,1340
Rv2223c,2493837,2495399,-,1562
Rv2224c,2495461,2497023,-,1562
Rv2225,2497742,2498587,+,845
Rv2226,2498832,2500373,+,1541
Rv2227,2500931,2501632,+,701
Rv2228c,2501644,2502738,-,1094
Rv2229c,2502735,2503472,-,737
Rv2230c,2503469,2504608,-,1139
Rv2231c,2504605,2505699,-,1094
Rv2232,2506278,2507153,+,875
Rv2234,2507146,2507637,+,491
Rv2235,2507637,2508452,+,815
Rv2236c,2508434,2509375,-,941
Rv2237,2509489,2510256,+,767
Rv2238c,2510715,2511176,-,461
Rv2239c,2511176,2511652,-,476
Rv2240c,2511690,2512487,-,797
Rv2241,2512539,2515244,+,2705
Rv2242,2515304,2516548,+,1244
Rv2243,2516787,2517695,+,908
Rv2244,2517771,2518118,+,347
Rv2245,2518115,2519365,+,1250
Rv2246,2519396,2520712,+,1316
Rv2247,2520743,2522164,+,1421
Rv2248,2522360,2523175,+,815
Rv2249c,2523241,2524791,-,1550
Rv2250A,2525402,2525821,+,419
Rv2250c,2524785,2525354,-,569
Rv2251,2525565,2526992,+,1427
Rv2252,2526989,2527918,+,929
Rv2253,2527984,2528487,+,503
Rv2254c,2528520,2528975,-,455
Rv2255c,2528980,2529174,-,194
Rv2256c,2529341,2529874,-,533
Rv2257c,2530004,2530822,-,818
Rv2258c,2530836,2531897,-,1061
Rv2259,2532245,2533330,+,1085
Rv2260,2533330,2533965,+,635
Rv2261c,2534042,2534464,-,422
Rv2262c,2534470,2535552,-,1082
Rv2263,2535641,2536594,+,953
Rv2264c,2537679,2537696,-,17
Rv2265,2538700,2539929,+,1229
Rv2266,2540104,2541390,+,1286
Rv2267c,2541644,2542810,-,1166
Rv2268c,2542807,2544276,-,1469
Rv2269c,2544289,2544621,-,332
Rv2270,2544698,2545225,+,527
Rv2271,2545332,2545631,+,299
Rv2272,2545737,2546105,+,368
Rv2273,2546102,2546431,+,329
Rv2274c,2546488,2546805,-,317
Rv2275,2546883,2547752,+,869
Rv2276,2547749,2548939,+,1190
Rv2277c,2549124,2550029,-,905
Rv2278,2550065,2550391,+,326
Rv2279,2550388,2551326,+,938
Rv2280,2551560,2552939,+,1379
Rv2281,2553173,2554831,+,1658
Rv2282c,2554938,2555876,-,938
Rv2283,2555941,2556135,+,194
Rv2284,2556145,2557440,+,1295
Rv2285,2557473,2558810,+,1337
Rv2286c,2558877,2559569,-,692
Rv2287,2559703,2561331,+,1628
Rv2288,2561328,2561705,+,377
Rv2289,2561675,2562457,+,782
Rv2290,2562599,2563114,+,515
Rv2291,2563174,2564028,+,854
Rv2292c,2564029,2564253,-,224
Rv2293c,2564292,2565032,-,740
Rv2294,2565327,2566550,+,1223
Rv2295,2566772,2567410,+,638
Rv2296,2567504,2568406,+,902
Rv2297,2568438,2568890,+,452
Rv2298,2569082,2570053,+,971
Rv2299c,2570059,2572002,-,1943
Rv2300c,2572076,2573008,-,932
Rv2301,2573015,2573707,+,692
Rv2302,2573813,2574055,+,242
Rv2303c,2574096,2575019,-,923
Rv2304c,2575016,2575225,-,209
Rv2305,2575809,2577098,+,1289
Rv2306A,2577108,2577701,+,593
Rv2306B,2577488,2577922,+,434
Rv2307A,2579228,2579419,-,191
Rv2307B,2579504,2579935,-,431
Rv2307c,2577851,2578696,-,845
Rv2307D,2580028,2580210,-,182
Rv2308,2580419,2581135,+,716
Rv2309A,2583045,2583332,+,287
Rv2309c,2581843,2582298,-,455
Rv2310,2583435,2583779,+,344
Rv2311,2583884,2584408,+,524
Rv2312,2584486,2584755,+,269
Rv2313c,2585052,2585906,-,854
Rv2314c,2585917,2587290,-,1373
Rv2315c,2587287,2588804,-,1517
Rv2316,2588838,2589710,+,872
Rv2317,2589697,2590521,+,824
Rv2318,2590518,2591840,+,1322
Rv2319c,2591848,2592726,-,878
Rv2320c,2592723,2594153,-,1430
Rv2321c,2594154,2594699,-,545
Rv2322c,2594699,2595364,-,665
Rv2323c,2595361,2596269,-,908
Rv2324,2596334,2596780,+,446
Rv2325c,2597009,2597857,-,848
Rv2326c,2597854,2599947,-,2093
Rv2327,2599988,2600479,+,491
Rv2328,2600731,2601879,+,1148
Rv2329c,2601914,2603461,-,1547
Rv2330c,2603695,2604222,-,527
Rv2331,2604297,2604683,+,386
Rv2331A,2604740,2605078,+,338
Rv2332,2605108,2606754,+,1646
Rv2333c,2606708,2608321,-,1613
Rv2334,2608796,2609728,+,932
Rv2335,2609732,2610421,+,689
Rv2336,2610837,2611805,+,968
Rv2337c,2611869,2612987,-,1118
Rv2338c,2613107,2614063,-,956
Rv2339,2614693,2617581,+,2888
Rv2340c,2617667,2618908,-,1241
Rv2341,2619597,2620016,+,419
Rv2342,2620272,2620529,+,257
Rv2343c,2620533,2622452,-,1919
Rv2344c,2622457,2623752,-,1295
Rv2345,2623821,2625803,+,1982
Rv2346c,2625888,2626172,-,284
Rv2347c,2626223,2626519,-,296
Rv2348c,2626654,2626980,-,326
Rv2349c,2627172,2628698,-,1526
Rv2350c,2628781,2630319,-,1538
Rv2351c,2630537,2632075,-,1538
Rv2352c,2632923,2634098,-,1175
Rv2353c,2634528,2635592,-,1064
Rv2354,2635628,2635954,+,326
Rv2355,2635951,2636889,+,938
Rv2356c,2637688,2639535,-,1847
Rv2357c,2639673,2641064,-,1391
Rv2358,2641246,2641653,+,407
Rv2359,2641650,2642042,+,392
Rv2360c,2642150,2642578,-,428
Rv2361c,2642578,2643468,-,890
Rv2362c,2643461,2644258,-,797
Rv2363,2644320,2645774,+,1454
Rv2364c,2645771,2646673,-,902
Rv2365c,2646747,2647088,-,341
Rv2366c,2647060,2648367,-,1307
Rv2367c,2648364,2648912,-,548
Rv2368c,2648916,2649974,-,1058
Rv2369c,2649946,2650248,-,302
Rv2370c,2650245,2651558,-,1313
Rv2371,2651753,2651938,+,185
Rv2372c,2652037,2652825,-,788
Rv2373c,2652839,2653987,-,1148
Rv2374c,2654062,2655093,-,1031
Rv2375,2655265,2655582,+,317
Rv2376c,2655609,2656115,-,506
Rv2377c,2656215,2656430,-,215
Rv2378c,2656408,2657703,-,1295
Rv2379c,2657700,2662085,-,4385
Rv2380c,2662067,2667115,-,5048
Rv2381c,2667255,2670269,-,3014
Rv2382c,2670269,2671603,-,1334
Rv2383c,2671593,2675837,-,4244
Rv2384,2675936,2677633,+,1697
Rv2385,2677729,2678649,+,920
Rv2386c,2678653,2680005,-,1352
Rv2387,2680765,2682018,+,1253
Rv2388c,2682015,2683142,-,1127
Rv2389c,2683248,2683712,-,464
Rv2390c,2683709,2684266,-,557
Rv2391,2684679,2686370,+,1691
Rv2392,2686367,2687131,+,764
Rv2393,2687128,2687973,+,845
Rv2394,2688010,2689941,+,1931
Rv2395,2690072,2692075,+,2003
Rv2396,2692799,2693884,+,1085
Rv2397c,2693909,2694964,-,1055
Rv2398c,2694981,2695799,-,818
Rv2399c,2695796,2696647,-,851
Rv2400c,2696644,2697714,-,1070
Rv2401,2697728,2698057,+,329
Rv2401A,2698042,2698245,-,203
Rv2402,2698529,2700457,+,1928
Rv2403c,2700535,2701290,-,755
Rv2404c,2701287,2703248,-,1961
Rv2405,2703269,2703838,+,569
Rv2406c,2704009,2704437,-,428
Rv2407,2704697,2705518,+,821
Rv2408,2706017,2706736,+,719
Rv2409c,2706494,2707333,-,839
Rv2410c,2707333,2708310,-,977
Rv2411c,2708310,2709965,-,1655
Rv2412,2710075,2710335,+,260
Rv2413c,2710351,2711301,-,950
Rv2414c,2711332,2712876,-,1544
Rv2415c,2712891,2713784,-,893
Rv2416c,2714124,2715332,-,1208
Rv2417c,2715472,2716314,-,842
Rv2418c,2716395,2717138,-,743
Rv2419c,2717128,2717799,-,671
Rv2420c,2717796,2718176,-,380
Rv2421c,2718173,2718808,-,635
Rv2422,2719083,2719355,+,272
Rv2423,2719597,2720643,+,1046
Rv2424c,2720776,2721777,-,1001
Rv2425c,2721866,2723308,-,1442
Rv2426c,2723308,2724183,-,875
Rv2427Ac,2725571,2726087,-,516
Rv2427c,2724230,2725477,-,1247
Rv2428,2726193,2726780,+,587
Rv2429,2726806,2727339,+,533
Rv2430c,2727336,2727920,-,584
Rv2431c,2727967,2728266,-,299
Rv2432c,2728437,2728847,-,410
Rv2433c,2728844,2729134,-,290
Rv2434c,2729115,2730560,-,1445
Rv2435c,2730557,2732749,-,2192
Rv2436,2733230,2734144,+,914
Rv2437,2734376,2734795,+,419
Rv2438A,2736709,2736987,+,278
Rv2438c,2734792,2736831,-,2039
Rv2439c,2737117,2738247,-,1130
Rv2440c,2738247,2739686,-,1439
Rv2441c,2739772,2740032,-,260
Rv2442c,2740047,2740361,-,314
Rv2443,2740709,2742184,+,1475
Rv2444c,2742123,2744984,-,2861
Rv2445c,2745314,2745724,-,410
Rv2446c,2745767,2746138,-,371
Rv2447c,2746135,2747598,-,1463
Rv2448c,2747595,2750225,-,2630
Rv2449c,2750313,2751572,-,1259
Rv2450c,2751662,2752180,-,518
Rv2451,2752262,2752660,+,398
Rv2452c,2752848,2752994,-,146
Rv2453c,2753018,2753623,-,605
Rv2454c,2753625,2754746,-,1121
Rv2455c,2754743,2756704,-,1961
Rv2456c,2756936,2758192,-,1256
Rv2457c,2758208,2759488,-,1280
Rv2458,2759779,2760687,+,908
Rv2459,2760854,2762380,+,1526
Rv2460c,2762531,2763175,-,644
Rv2461c,2763172,2763774,-,602
Rv2462c,2763891,2765291,-,1400
Rv2463,2765655,2766839,+,1184
Rv2464c,2766859,2767665,-,806
Rv2465c,2767671,2768159,-,488
Rv2466c,2768261,2768884,-,623
Rv2467,2768986,2771571,+,2585
Rv2468c,2771644,2772147,-,503
Rv2469c,2772367,2773035,-,668
Rv2470,2773178,2773564,+,386
Rv2471,2773564,2775204,+,1640
Rv2472,2775272,2775565,+,293
Rv2473,2775568,2776284,+,716
Rv2474c,2776316,2776969,-,653
Rv2475c,2776975,2777391,-,416
Rv2476c,2777388,2782262,-,4874
Rv2477c,2782366,2784042,-,1676
Rv2478c,2784123,2784608,-,485
Rv2479c,2784657,2785697,-,1040
Rv2480c,2785592,2785918,-,326
Rv2481c,2786575,2786898,-,323
Rv2482c,2786914,2789283,-,2369
Rv2483c,2789280,2791022,-,1742
Rv2484c,2791019,2792494,-,1475
Rv2485c,2792723,2793988,-,1265
Rv2486,2794350,2795120,+,770
Rv2487c,2795301,2797385,-,2084
Rv2488c,2797467,2800880,-,3413
Rv2489c,2800846,2801145,-,299
Rv2490c,2801254,2806236,-,4982
Rv2491,2806665,2807288,+,623
Rv2492,2807278,2808030,+,752
Rv2493,2808083,2808304,+,221
Rv2494,2808310,2808735,+,425
Rv2495c,2808758,2809939,-,1181
Rv2496c,2809936,2810982,-,1046
Rv2497c,2810993,2812096,-,1103
Rv2498c,2812355,2813176,-,821
Rv2499c,2813173,2813730,-,557
Rv2500c,2813727,2814911,-,1184
Rv2501c,2814916,2816880,-,1964
Rv2502c,2816885,2818474,-,1589
Rv2503c,2818471,2819127,-,656
Rv2504c,2819124,2819870,-,746
Rv2505c,2819953,2821596,-,1643
Rv2506,2821712,2822359,+,647
Rv2507,2822438,2823259,+,821
Rv2508c,2823256,2824593,-,1337
Rv2509,2824678,2825484,+,806
Rv2510c,2825488,2827089,-,1601
Rv2511,2827157,2827804,+,647
Rv2512c,2828556,2829803,-,1247
Rv2513,2830161,2830583,+,422
Rv2514c,2830877,2831338,-,461
Rv2515c,2831344,2832591,-,1247
Rv2516c,2832710,2833513,-,803
Rv2517c,2833510,2833761,-,251
Rv2518c,2834109,2835335,-,1226
Rv2519,2835785,2837263,+,1478
Rv2520c,2837388,2837615,-,227
Rv2521,2837684,2838157,+,473
Rv2522c,2838129,2839541,-,1412
Rv2523c,2839538,2839930,-,392
Rv2524c,2840123,2849332,-,9209
Rv2525c,2849852,2850574,-,722
Rv2526,2851091,2851318,+,227
Rv2527,2851315,2851716,+,401
Rv2528c,2851751,2852671,-,920
Rv2529,2852875,2854266,+,1391
Rv2530A,2854683,2854907,-,224
Rv2530c,2854267,2854686,-,419
Rv2531c,2854938,2857781,-,2843
Rv2532c,2857853,2858254,-,401
Rv2533c,2858254,2858724,-,470
Rv2534c,2858727,2859290,-,563
Rv2535c,2859300,2860418,-,1118
Rv2536,2860452,2861144,+,692
Rv2537c,2861148,2861591,-,443
Rv2538c,2861588,2862676,-,1088
Rv2539c,2862673,2863203,-,530
Rv2540c,2863207,2864412,-,1205
Rv2541,2864427,2864834,+,407
Rv2542,2865130,2866341,+,1211
Rv2543,2866468,2867127,+,659
Rv2544,2867124,2867786,+,662
Rv2545,2867783,2868061,+,278
Rv2546,2868154,2868567,+,413
Rv2547,2868606,2868863,+,257
Rv2548,2868860,2869237,+,377
Rv2549c,2869727,2870122,-,395
Rv2550c,2870119,2870364,-,245
Rv2551c,2870775,2871194,-,419
Rv2552c,2871206,2872015,-,809
Rv2553c,2872012,2873265,-,1253
Rv2554c,2873258,2873770,-,512
Rv2555c,2873771,2876485,-,2714
Rv2556c,2876576,2876965,-,389
Rv2557,2877072,2877746,+,674
Rv2558,2877831,2878541,+,710
Rv2559c,2878571,2879929,-,1358
Rv2560,2880075,2881052,+,977
Rv2561,2881409,2881702,+,293
Rv2562,2881758,2882147,+,389
Rv2563,2882290,2883339,+,1049
Rv2564,2883342,2884334,+,992
Rv2565,2884611,2886362,+,1751
Rv2566,2886373,2889795,+,3422
Rv2567,2889795,2892449,+,2654
Rv2568c,2892446,2893471,-,1025
Rv2569c,2893464,2894408,-,944
Rv2570,2894512,2894901,+,389
Rv2571c,2894893,2895960,-,1067
Rv2572c,2896013,2897803,-,1790
Rv2573,2897956,2898783,+,827
Rv2574,2898806,2899309,+,503
Rv2575,2899339,2900220,+,881
Rv2576c,2900226,2900690,-,464
Rv2577,2900918,2902507,+,1589
Rv2578c,2902509,2903531,-,1022
Rv2579,2903639,2904541,+,902
Rv2580c,2904821,2906092,-,1271
Rv2581c,2906089,2906763,-,674
Rv2582,2906814,2907740,+,926
Rv2583c,2907826,2910198,-,2372
Rv2584c,2910229,2910900,-,671
Rv2585c,2911004,2912677,-,1673
Rv2586c,2912683,2914011,-,1328
Rv2587c,2914015,2915736,-,1721
Rv2588c,2915846,2916193,-,347
Rv2589,2916360,2917709,+,1349
Rv2590,2917871,2921377,+,3506
Rv2591,2921551,2923182,+,1631
Rv2592c,2923199,2924233,-,1034
Rv2593c,2924230,2924820,-,590
Rv2594c,2924817,2925383,-,566
Rv2595,2925492,2925737,+,245
Rv2596,2925734,2926138,+,404
Rv2597,2926355,2926975,+,620
Rv2598,2926986,2927480,+,494
Rv2599,2927477,2927908,+,431
Rv2600,2927990,2928391,+,401
Rv2601,2928388,2929959,+,1571
Rv2601A,2930070,2930357,+,287
Rv2602,2930344,2930784,+,440
Rv2603c,2930805,2931560,-,755
Rv2604c,2931693,2932289,-,596
Rv2605c,2932297,2933142,-,845
Rv2606c,2933171,2934070,-,899
Rv2607,2934198,2934872,+,674
Rv2608,2935046,2936788,+,1742
Rv2609c,2936810,2937865,-,1055
Rv2610c,2937865,2939001,-,1136
Rv2611c,2939012,2939962,-,950
Rv2612c,2939959,2940612,-,653
Rv2613c,2940609,2941196,-,587
Rv2614A,2943376,2943603,+,227
Rv2614c,2941189,2943267,-,2078
Rv2615c,2943600,2944985,-,1385
Rv2616,2945330,2945830,+,500
Rv2617c,2945847,2946287,-,440
Rv2618,2946434,2947111,+,677
Rv2619c,2947096,2947449,-,353
Rv2620c,2947462,2947887,-,425
Rv2621c,2947884,2948558,-,674
Rv2622,2948636,2949457,+,821
Rv2623,2949593,2950486,+,893
Rv2624c,2950489,2951307,-,818
Rv2625c,2951322,2952503,-,1181
Rv2626c,2952562,2952993,-,431
Rv2627c,2953507,2954748,-,1241
Rv2628,2955058,2955420,+,362
Rv2629,2955767,2956891,+,1124
Rv2630,2956893,2957432,+,539
Rv2631,2957572,2958870,+,1298
Rv2632c,2958909,2959190,-,281
Rv2633c,2959335,2959820,-,485
Rv2634c,2960105,2962441,-,2336
Rv2635,2962470,2962712,+,242
Rv2636,2962713,2963390,+,677
Rv2637,2963586,2964242,+,656
Rv2638,2964405,2964851,+,446
Rv2639c,2965026,2965358,-,332
Rv2640c,2965478,2965837,-,359
Rv2641,2965939,2966397,+,458
Rv2642,2966533,2966913,+,380
Rv2643,2966910,2968406,+,1496
Rv2644c,2968533,2968850,-,317
Rv2645,2970123,2970554,+,431
Rv2646,2970551,2971549,+,998
Rv2647,2971659,2972027,+,368
Rv2648,2972160,2972486,+,326
Rv2649,2972435,2973421,+,986
Rv2650c,2973795,2975234,-,1439
Rv2651c,2975242,2975775,-,533
Rv2652c,2975928,2976554,-,626
Rv2653c,2976586,2976909,-,323
Rv2654c,2976989,2977234,-,245
Rv2655c,2977231,2978658,-,1427
Rv2656c,2978660,2979052,-,392
Rv2657c,2979049,2979309,-,260
Rv2658c,2979326,2979688,-,362
Rv2659c,2979691,2980818,-,1127
Rv2660c,2980963,2981190,-,227
Rv2661c,2981187,2981576,-,389
Rv2662,2981482,2981754,+,272
Rv2663,2981853,2982086,+,233
Rv2664,2982097,2982351,+,254
Rv2665,2982699,2982980,+,281
Rv2666,2983071,2983874,+,803
Rv2667,2983896,2984654,+,758
Rv2668,2984733,2985254,+,521
Rv2669,2985283,2985753,+,470
Rv2670c,2985731,2986840,-,1109
Rv2671,2986839,2987615,+,776
Rv2672,2987682,2989268,+,1586
Rv2673,2989291,2990592,+,1301
Rv2674,2990706,2991116,+,410
Rv2675c,2991184,2991936,-,752
Rv2676c,2991933,2992628,-,695
Rv2677c,2992634,2993992,-,1358
Rv2678c,2993989,2995062,-,1073
Rv2679,2995115,2995945,+,830
Rv2680,2996105,2996737,+,632
Rv2681,2996739,2998055,+,1316
Rv2682c,2998052,2999968,-,1916
Rv2683,3000112,3000609,+,497
Rv2684,3000614,3001903,+,1289
Rv2685,3001983,3003269,+,1286
Rv2686c,3003280,3004038,-,758
Rv2687c,3004035,3004748,-,713
Rv2688c,3004745,3005650,-,905
Rv2689c,3005845,3007062,-,1217
Rv2690c,3007236,3009209,-,1973
Rv2691,3009344,3010027,+,683
Rv2692,3010024,3010686,+,662
Rv2693c,3010697,3011368,-,671
Rv2694c,3011399,3011767,-,368
Rv2695,3011952,3011969,+,17
Rv2696c,3012829,3013608,-,779
Rv2697c,3013683,3014147,-,464
Rv2698,3014173,3014658,+,485
Rv2699c,3014663,3014965,-,302
Rv2700,3015203,3015853,+,650
Rv2701c,3015863,3016735,-,872
Rv2702,3016858,3017655,+,797
Rv2703,3017835,3019421,+,1586
Rv2704,3019458,3019886,+,428
Rv2705c,3019814,3020203,-,389
Rv2706c,3020200,3020457,-,257
Rv2707,3020573,3021547,+,974
Rv2708c,3021548,3021796,-,248
Rv2709,3021839,3022285,+,446
Rv2710,3022461,3023432,+,971
Rv2711,3023565,3024257,+,692
Rv2712c,3024270,3025328,-,1058
Rv2713,3025441,3026847,+,1406
Rv2714,3027065,3028039,+,974
Rv2715,3028098,3029123,+,1025
Rv2716,3029172,3029858,+,686
Rv2717c,3029867,3030361,-,494
Rv2718c,3030413,3030877,-,464
Rv2719c,3031040,3031537,-,497
Rv2720,3031845,3032498,+,653
Rv2721c,3032520,3034619,-,2099
Rv2722,3034635,3034883,+,248
Rv2723,3034909,3036102,+,1193
Rv2724c,3036131,3037291,-,1160
Rv2725c,3037427,3038914,-,1487
Rv2726c,3038931,3039800,-,869
Rv2727c,3039825,3040769,-,944
Rv2728c,3040766,3041461,-,695
Rv2729c,3041570,3042475,-,905
Rv2730,3042542,3043018,+,476
Rv2731,3043026,3044378,+,1352
Rv2732c,3044375,3044989,-,614
Rv2733c,3044986,3046524,-,1538
Rv2734,3046821,3047675,+,854
Rv2735c,3047560,3048552,-,992
Rv2736c,3048562,3049086,-,524
Rv2737A,3051619,3051792,+,173
Rv2737c,3049052,3051424,-,2372
Rv2738c,3051806,3052012,-,206
Rv2739c,3052023,3053189,-,1166
Rv2740,3053233,3053682,+,449
Rv2741,3053914,3055491,+,1577
Rv2742c,3055515,3056348,-,833
Rv2743c,3056420,3057232,-,812
Rv2744c,3057251,3058063,-,812
Rv2745c,3058193,3058531,-,338
Rv2746c,3058602,3059231,-,629
Rv2747,3059262,3059786,+,524
Rv2748c,3059855,3062506,-,2651
Rv2749,3062505,3062819,+,314
Rv2750,3062816,3063634,+,818
Rv2751,3063638,3064528,+,890
Rv2752c,3064515,3066191,-,1676
Rv2753c,3066222,3067124,-,902
Rv2754c,3067193,3067945,-,752
Rv2755c,3068189,3068464,-,275
Rv2756c,3068461,3070083,-,1622
Rv2757c,3070170,3070586,-,416
Rv2758c,3070583,3070849,-,266
Rv2759c,3070875,3071270,-,395
Rv2760c,3071267,3071536,-,269
Rv2761c,3071546,3072640,-,1094
Rv2762c,3072637,3073056,-,419
Rv2763c,3073130,3073609,-,479
Rv2764c,3073680,3074471,-,791
Rv2765,3074636,3075373,+,737
Rv2766c,3075588,3076370,-,782
Rv2767c,3076367,3076720,-,353
Rv2768c,3076894,3078078,-,1184
Rv2769c,3078158,3078985,-,827
Rv2770c,3079309,3080457,-,1148
Rv2771c,3080581,3081033,-,452
Rv2772c,3081119,3081592,-,473
Rv2773c,3081604,3082341,-,737
Rv2774c,3082352,3082756,-,404
Rv2775,3082909,3083370,+,461
Rv2776c,3083374,3084303,-,929
Rv2777c,3084485,3085555,-,1070
Rv2778c,3085713,3086183,-,470
Rv2779c,3086215,3086754,-,539
Rv2780,3086820,3087935,+,1115
Rv2781c,3087950,3088984,-,1034
Rv2782c,3089045,3090361,-,1316
Rv2783c,3090339,3092597,-,2258
Rv2784c,3092951,3093466,-,515
Rv2785c,3093479,3093748,-,269
Rv2786c,3093905,3094900,-,995
Rv2787,3096089,3096112,+,23
Rv2788,3096959,3097645,+,686
Rv2789c,3097706,3098938,-,1232
Rv2790c,3098964,3100169,-,1205
Rv2791c,3100202,3101581,-,1379
Rv2792c,3101581,3102162,-,581
Rv2793c,3102364,3103260,-,896
Rv2794c,3103257,3103940,-,683
Rv2795c,3103937,3104911,-,974
Rv2796c,3105056,3105619,-,563
Rv2797c,3105619,3107307,-,1688
Rv2798c,3107311,3107637,-,326
Rv2799,3107768,3108397,+,629
Rv2800,3108416,3110065,+,1649
Rv2801c,3110167,3110523,-,356
Rv2802c,3110780,3111823,-,1043
Rv2803,3111822,3112289,+,467
Rv2804c,3112465,3113094,-,629
Rv2805,3112867,3113271,+,404
Rv2806,3113268,3113459,+,191
Rv2807,3113658,3114812,+,1154
Rv2808,3115046,3115303,+,257
Rv2809,3115408,3115719,+,311
Rv2810c,3115741,3116142,-,401
Rv2811,3116139,3116747,+,608
Rv2812,3116818,3118227,+,1409
Rv2813,3118224,3119036,+,812
Rv2814c,3120566,3121504,-,938
Rv2815c,3121501,3121827,-,326
Rv2816c,3123625,3123966,-,341
Rv2817c,3123967,3124983,-,1016
Rv2818c,3124996,3126144,-,1148
Rv2819c,3126240,3127367,-,1127
Rv2820c,3127364,3128272,-,908
Rv2821c,3128253,3128963,-,710
Rv2822c,3128973,3129347,-,374
Rv2823c,3129344,3131773,-,2429
Rv2824c,3131770,3132714,-,944
Rv2825c,3132892,3133539,-,647
Rv2826c,3133709,3134593,-,884
Rv2827c,3134596,3135483,-,887
Rv2828c,3135788,3136333,-,545
Rv2829c,3136620,3137012,-,392
Rv2830c,3137009,3137224,-,215
Rv2831,3137271,3138020,+,749
Rv2832c,3138099,3139181,-,1082
Rv2833c,3139174,3140484,-,1310
Rv2834c,3140487,3141314,-,827
Rv2835c,3141311,3142222,-,911
Rv2836c,3142309,3143628,-,1319
Rv2837c,3143635,3144645,-,1010
Rv2838c,3144620,3145171,-,551
Rv2839c,3145171,3147873,-,2702
Rv2840c,3147959,3148258,-,299
Rv2841c,3148385,3149428,-,1043
Rv2842c,3149425,3149976,-,551
Rv2843,3150171,3150716,+,545
Rv2844,3150713,3151201,+,488
Rv2845c,3151202,3152950,-,1748
Rv2846c,3153039,3154631,-,1592
Rv2847c,3154654,3155871,-,1217
Rv2848c,3156148,3157521,-,1373
Rv2849c,3157521,3158144,-,623
Rv2850c,3158165,3160054,-,1889
Rv2851c,3160051,3160521,-,470
Rv2852c,3160580,3162061,-,1481
Rv2853,3162268,3164115,+,1847
Rv2854,3164152,3165192,+,1040
Rv2855,3165205,3166584,+,1379
Rv2856,3166684,3167802,+,1118
Rv2857c,3168583,3169359,-,776
Rv2858c,3169356,3170723,-,1367
Rv2859c,3170720,3171646,-,926
Rv2860c,3171627,3173000,-,1373
Rv2861c,3173160,3174017,-,857
Rv2862c,3174059,3174643,-,584
Rv2863,3174992,3175372,+,380
Rv2864c,3175454,3177265,-,1811
Rv2865,3177537,3177818,+,281
Rv2866,3177822,3178085,+,263
Rv2867c,3178458,3179312,-,854
Rv2868c,3179368,3180531,-,1163
Rv2869c,3180548,3181762,-,1214
Rv2870c,3181770,3183011,-,1241
Rv2871,3183138,3183395,+,257
Rv2872,3183382,3183825,+,443
Rv2873,3183905,3184567,+,662
Rv2874,3184847,3186934,+,2087
Rv2875,3187030,3187611,+,581
Rv2876,3187663,3187977,+,314
Rv2877c,3188008,3188871,-,863
Rv2878c,3188876,3189397,-,521
Rv2879c,3189583,3190152,-,569
Rv2880c,3189851,3190678,-,827
Rv2881c,3190701,3191621,-,920
Rv2882c,3191644,3192201,-,557
Rv2883c,3192373,3193158,-,785
Rv2884,3193393,3194151,+,758
Rv2885c,3194166,3195548,-,1382
Rv2886c,3195545,3196432,-,887
Rv2887,3196431,3196850,+,419
Rv2888c,3196864,3198285,-,1421
Rv2889c,3198292,3199107,-,815
Rv2890c,3199119,3199982,-,863
Rv2891,3200266,3201015,+,749
Rv2892c,3200794,3202020,-,1226
Rv2893,3202420,3203397,+,977
Rv2894c,3203394,3204290,-,896
Rv2895c,3204381,3205232,-,851
Rv2896c,3205265,3206434,-,1169
Rv2897c,3206431,3207942,-,1511
Rv2898c,3207942,3208328,-,386
Rv2899c,3208576,3209406,-,830
Rv2900c,3209406,3211745,-,2339
Rv2901c,3211803,3212108,-,305
Rv2902c,3212162,3212956,-,794
Rv2903c,3212970,3213854,-,884
Rv2904c,3213912,3214253,-,341
Rv2905,3214628,3215572,+,944
Rv2906c,3215665,3216357,-,692
Rv2907c,3216361,3216891,-,530
Rv2908c,3216905,3217147,-,242
Rv2909c,3217155,3217643,-,488
Rv2910c,3217827,3218270,-,443
Rv2911,3218339,3219214,+,875
Rv2912c,3219274,3219861,-,587
Rv2913c,3219863,3221698,-,1835
Rv2914c,3221767,3223524,-,1757
Rv2915c,3223568,3224680,-,1112
Rv2916c,3224708,3226285,-,1577
Rv2917,3226363,3228243,+,1880
Rv2918c,3228254,3230680,-,2426
Rv2919c,3230738,3231076,-,338
Rv2920c,3231073,3232506,-,1433
Rv2921c,3232871,3234139,-,1268
Rv2922A,3237818,3238099,-,281
Rv2922c,3234189,3237806,-,3617
Rv2923c,3238086,3238499,-,413
Rv2924c,3238601,3239470,-,869
Rv2925c,3239829,3240551,-,722
Rv2926c,3240548,3241171,-,623
Rv2927c,3241222,3241959,-,737
Rv2928,3242198,3242983,+,785
Rv2929,3242970,3243281,+,311
Rv2930,3243697,3245448,+,1751
Rv2931,3245445,3251075,+,5630
Rv2932,3251072,3255688,+,4616
Rv2933,3255685,3262251,+,6566
Rv2934,3262248,3267731,+,5483
Rv2935,3267737,3272203,+,4466
Rv2936,3272214,3273209,+,995
Rv2937,3273206,3274075,+,869
Rv2938,3274072,3274902,+,830
Rv2939,3274949,3276217,+,1268
Rv2940c,3276380,3282715,-,6335
Rv2941,3283335,3285077,+,1742
Rv2942,3285070,3287832,+,2762
Rv2943,3288464,3289705,+,1241
Rv2943A,3289705,3290235,+,530
Rv2944,3289790,3290506,+,716
Rv2945c,3290624,3291325,-,701
Rv2946c,3291503,3296353,-,4850
Rv2947c,3296350,3297840,-,1490
Rv2948c,3297837,3299954,-,2117
Rv2949c,3299971,3300570,-,599
Rv2950c,3300596,3302344,-,1748
Rv2951c,3303103,3304248,-,1145
Rv2952,3304441,3305253,+,812
Rv2953,3305279,3306535,+,1256
Rv2954c,3306666,3307391,-,725
Rv2955c,3307580,3308545,-,965
Rv2956,3308668,3309399,+,731
Rv2957,3309470,3310297,+,827
Rv2958c,3310714,3312000,-,1286
Rv2959c,3312101,3312838,-,737
Rv2960c,3312953,3313201,-,248
Rv2961,3313283,3313672,+,389
Rv2962c,3313773,3315122,-,1349
Rv2963,3315236,3316456,+,1220
Rv2964,3316529,3317461,+,932
Rv2965c,3318330,3318815,-,485
Rv2966c,3318901,3319467,-,566
Rv2967c,3319663,3323046,-,3383
Rv2968c,3323071,3323703,-,632
Rv2969c,3323709,3324476,-,767
Rv2970A,3325934,3326104,+,170
Rv2970c,3324573,3325703,-,1130
Rv2971,3326101,3326949,+,848
Rv2972c,3327023,3327736,-,713
Rv2973c,3327733,3329946,-,2213
Rv2974c,3329949,3331361,-,1412
Rv2975c,3331358,3331612,-,254
Rv2976c,3332071,3332754,-,683
Rv2977c,3332787,3333788,-,1001
Rv2978c,3333785,3335164,-,1379
Rv2979c,3335164,3335748,-,584
Rv2980,3335960,3336505,+,545
Rv2981c,3336796,3337917,-,1121
Rv2982c,3337995,3338999,-,1004
Rv2983,3339118,3339762,+,644
Rv2984,3339854,3342082,+,2228
Rv2985,3342165,3343118,+,953
Rv2986c,3343176,3343820,-,644
Rv2987c,3344033,3344629,-,596
Rv2988c,3344654,3346075,-,1421
Rv2989,3346147,3346848,+,701
Rv2990c,3346859,3347719,-,860
Rv2991,3347982,3348473,+,491
Rv2992c,3348805,3350277,-,1472
Rv2993c,3350274,3350993,-,719
Rv2994,3351269,3352606,+,1337
Rv2995c,3352458,3353468,-,1010
Rv2996c,3353483,3355069,-,1586
Rv2997,3355099,3356541,+,1442
Rv2998,3356815,3357276,+,461
Rv2998A,3357225,3357428,-,203
Rv2999,3357602,3358567,+,965
Rv3000,3358612,3359271,+,659
Rv3001c,3359585,3360586,-,1001
Rv3002c,3360624,3361130,-,506
Rv3003c,3361130,3362986,-,1856
Rv3004,3363348,3363686,+,338
Rv3005c,3363693,3364532,-,839
Rv3006,3364709,3365830,+,1121
Rv3007c,3365836,3366450,-,614
Rv3008,3366644,3367267,+,623
Rv3009c,3367264,3368793,-,1529
Rv3010c,3368823,3369854,-,1031
Rv3011c,3369950,3371434,-,1484
Rv3012c,3371431,3371730,-,299
Rv3013,3371815,3372471,+,656
Rv3014c,3372545,3374620,-,2075
Rv3015c,3374651,3375664,-,1013
Rv3016,3375758,3376387,+,629
Rv3017c,3376490,3376852,-,362
Rv3018A,3378329,3378415,-,86
Rv3018c,3376939,3378243,-,1304
Rv3019c,3378711,3379001,-,290
Rv3020c,3379036,3379329,-,293
Rv3021c,3379376,3380452,-,1076
Rv3022A,3380679,3380993,-,314
Rv3022c,3380440,3380682,-,242
Rv3023c,3381375,3382622,-,1247
Rv3024c,3382785,3383888,-,1103
Rv3025c,3383885,3385066,-,1181
Rv3026c,3385163,3386077,-,914
Rv3027c,3386074,3386814,-,740
Rv3028c,3387075,3388031,-,956
Rv3029c,3388070,3388870,-,800
Rv3030,3389101,3389925,+,824
Rv3031,3389922,3391502,+,1580
Rv3032,3391534,3392778,+,1244
Rv3033,3393380,3393928,+,548
Rv3034c,3394019,3394921,-,902
Rv3035,3395379,3396461,+,1082
Rv3036c,3396458,3397141,-,683
Rv3037c,3397214,3398290,-,1076
Rv3038c,3398425,3399408,-,983
Rv3039c,3399419,3400183,-,764
Rv3040c,3400192,3401058,-,866
Rv3041c,3401055,3401918,-,863
Rv3042c,3401933,3403162,-,1229
Rv3043c,3403200,3404921,-,1721
Rv3044,3405136,3406215,+,1079
Rv3045,3406285,3407325,+,1040
Rv3046c,3407314,3407688,-,374
Rv3047c,3408022,3408306,-,284
Rv3048c,3408404,3409378,-,974
Rv3049c,3409509,3411083,-,1574
Rv3050c,3411217,3411957,-,740
Rv3051c,3412085,3414166,-,2081
Rv3052c,3414232,3414684,-,452
Rv3053c,3414719,3414958,-,239
Rv3054c,3415435,3415989,-,554
Rv3055,3416081,3416695,+,614
Rv3056,3416705,3417745,+,1040
Rv3057c,3417799,3418662,-,863
Rv3058c,3418726,3419376,-,650
Rv3059,3419492,3420970,+,1478
Rv3060c,3421741,3423213,-,1472
Rv3061c,3423262,3425427,-,2165
Rv3062,3425584,3427107,+,1523
Rv3063,3427243,3429519,+,2276
Rv3064c,3429825,3430250,-,425
Rv3065,3430387,3430710,+,323
Rv3066,3430707,3431315,+,608
Rv3067,3431428,3431838,+,410
Rv3068c,3431979,3433622,-,1643
Rv3069,3433692,3434090,+,398
Rv3070,3434087,3434467,+,380
Rv3071,3434464,3435573,+,1109
Rv3072c,3435798,3436322,-,524
Rv3073c,3436329,3436685,-,356
Rv3074,3436779,3438053,+,1274
Rv3075c,3438050,3438973,-,923
Rv3076,3439072,3439548,+,476
Rv3077,3439541,3441352,+,1811
Rv3078,3441353,3441754,+,401
Rv3079c,3441770,3442597,-,827
Rv3080c,3442656,3445988,-,3332
Rv3081,3446040,3447278,+,1238
Rv3082c,3447404,3448426,-,1022
Rv3083,3448504,3449991,+,1487
Rv3084,3449997,3450923,+,926
Rv3085,3450920,3451750,+,830
Rv3086,3451781,3452887,+,1106
Rv3087,3452925,3454343,+,1418
Rv3088,3454340,3455764,+,1424
Rv3089,3455761,3457272,+,1511
Rv3090,3458211,3459098,+,887
Rv3091,3459116,3460807,+,1691
Rv3092c,3460814,3461734,-,920
Rv3093c,3461760,3462764,-,1004
Rv3094c,3462761,3463891,-,1130
Rv3095,3463973,3464449,+,476
Rv3096,3464547,3465686,+,1139
Rv3097c,3465778,3467091,-,1313
Rv3098c,3467210,3467662,-,452
Rv3099c,3468413,3469264,-,851
Rv3100c,3469301,3469783,-,482
Rv3101c,3469786,3470679,-,893
Rv3102c,3470680,3471369,-,689
Rv3103c,3471413,3471850,-,437
Rv3104c,3471852,3472778,-,926
Rv3105c,3472768,3473904,-,1136
Rv3106,3474007,3475377,+,1370
Rv3107c,3475378,3476961,-,1583
Rv3108,3477060,3477500,+,440
Rv3109,3477649,3478728,+,1079
Rv3110,3478779,3479174,+,395
Rv3111,3479171,3479683,+,512
Rv3112,3479700,3479951,+,251
Rv3113,3480074,3480742,+,668
Rv3114,3480759,3481289,+,530
Rv3115,3481451,3482698,+,1247
Rv3116,3482776,3483945,+,1169
Rv3117,3483974,3484807,+,833
Rv3118,3484809,3485111,+,302
Rv3119,3485132,3485575,+,443
Rv3120,3485572,3486174,+,602
Rv3121,3486509,3487711,+,1202
Rv3122,3488089,3488559,+,470
Rv3123,3488569,3489063,+,494
Rv3124,3489506,3490375,+,869
Rv3125c,3490476,3491651,-,1175
Rv3126c,3491808,3492122,-,314
Rv3127,3492147,3493181,+,1034
Rv3128c,3493168,3494181,-,1013
Rv3129,3494660,3494992,+,332
Rv3130c,3494975,3496366,-,1391
Rv3131,3496551,3497549,+,998
Rv3132c,3497529,3499265,-,1736
Rv3133c,3499262,3499915,-,653
Rv3134c,3499943,3500749,-,806
Rv3135,3501334,3501732,+,398
Rv3136,3501794,3502936,+,1142
Rv3137,3503393,3504175,+,782
Rv3138,3504195,3505283,+,1088
Rv3139,3505363,3506769,+,1406
Rv3140,3506790,3507995,+,1205
Rv3141,3508095,3509066,+,971
Rv3142c,3509118,3509546,-,428
Rv3143,3509654,3510055,+,401
Rv3144c,3510088,3511317,-,1229
Rv3145,3511682,3512068,+,386
Rv3146,3512077,3512631,+,554
Rv3147,3512628,3513338,+,710
Rv3148,3513338,3514660,+,1322
Rv3149,3514657,3515415,+,758
Rv3150,3515412,3516749,+,1337
Rv3151,3516746,3519166,+,2420
Rv3152,3519282,3520514,+,1232
Rv3153,3520507,3521142,+,635
Rv3154,3521139,3521927,+,788
Rv3155,3521924,3522223,+,299
Rv3156,3522234,3524135,+,1901
Rv3157,3524132,3525793,+,1661
Rv3158,3525790,3527385,+,1595
Rv3159c,3527391,3529163,-,1772
Rv3160c,3529338,3529979,-,641
Rv3161c,3529990,3531138,-,1148
Rv3162c,3531208,3531645,-,437
Rv3163c,3531642,3532913,-,1271
Rv3164c,3532943,3533905,-,962
Rv3165c,3533913,3534395,-,482
Rv3166c,3534392,3535351,-,959
Rv3167c,3535431,3536057,-,626
Rv3168,3536102,3537238,+,1136
Rv3169,3537238,3538362,+,1124
Rv3170,3538505,3539851,+,1346
Rv3171c,3539846,3540745,-,899
Rv3172c,3540882,3541364,-,482
Rv3173c,3541443,3542045,-,602
Rv3174,3542138,3542845,+,707
Rv3175,3542860,3544347,+,1487
Rv3176c,3544344,3545300,-,956
Rv3177,3545447,3546307,+,860
Rv3178,3546438,3546797,+,359
Rv3179,3547618,3548907,+,1289
Rv3180c,3549254,3549688,-,434
Rv3181c,3549691,3550143,-,452
Rv3182,3550374,3550718,+,344
Rv3183,3550715,3551044,+,329
Rv3184,3551281,3551607,+,326
Rv3185,3551604,3552542,+,938
Rv3186,3552764,3553090,+,326
Rv3187,3553087,3554025,+,938
Rv3188,3554298,3554645,+,347
Rv3189,3554642,3555262,+,620
Rv3190c,3555422,3556687,-,1265
Rv3191c,3557311,3558345,-,1034
Rv3192,3559563,3560024,+,461
Rv3193c,3560194,3563172,-,2978
Rv3194c,3563264,3564286,-,1022
Rv3195,3564364,3565782,+,1418
Rv3196,3565788,3566687,+,899
Rv3196A,3566696,3566896,-,200
Rv3197,3567024,3568367,+,1343
Rv3197A,3568401,3568679,-,278
Rv3198A,3571335,3571589,+,254
Rv3198c,3569109,3571211,-,2102
Rv3199c,3571602,3572543,-,941
Rv3200c,3572602,3573669,-,1067
Rv3201c,3573731,3577036,-,3305
Rv3202c,3577033,3580200,-,3167
Rv3203,3580638,3581312,+,674
Rv3204,3581315,3581620,+,305
Rv3205c,3581627,3582505,-,878
Rv3206c,3582532,3583710,-,1178
Rv3207c,3583801,3584658,-,857
Rv3208,3585004,3585690,+,686
Rv3208A,3585677,3585949,-,272
Rv3209,3586274,3586834,+,560
Rv3210c,3586844,3587539,-,695
Rv3211,3587798,3589381,+,1583
Rv3212,3589394,3590617,+,1223
Rv3213c,3590692,3591492,-,800
Rv3214,3591646,3592257,+,611
Rv3215,3592254,3593372,+,1118
Rv3216,3593520,3593852,+,332
Rv3217c,3593804,3594235,-,431
Rv3218,3594468,3595433,+,965
Rv3219,3595713,3595967,+,254
Rv3220c,3596029,3597534,-,1505
Rv3221A,3598051,3598356,-,305
Rv3221c,3597551,3597766,-,215
Rv3222c,3598353,3598904,-,551
Rv3223c,3598901,3599551,-,650
Rv3224,3599851,3600699,+,848
Rv3224A,3600635,3600823,+,188
Rv3224B,3600801,3601019,+,218
Rv3225c,3601016,3602440,-,1424
Rv3226c,3602564,3603322,-,758
Rv3227,3603377,3604729,+,1352
Rv3228,3604726,3605718,+,992
Rv3229c,3605751,3607034,-,1283
Rv3230c,3607112,3608254,-,1142
Rv3231c,3608364,3608873,-,509
Rv3232c,3608870,3609757,-,887
Rv3233c,3609781,3610371,-,590
Rv3234c,3610374,3611189,-,815
Rv3235,3611300,3611941,+,641
Rv3236c,3611959,3613116,-,1157
Rv3237c,3613121,3613603,-,482
Rv3238c,3613664,3614398,-,734
Rv3239c,3614457,3617603,-,3146
Rv3240c,3617682,3620531,-,2849
Rv3241c,3620610,3621254,-,644
Rv3242c,3621570,3622211,-,641
Rv3243c,3622249,3623091,-,842
Rv3244c,3623159,3624910,-,1751
Rv3245c,3624910,3626613,-,1703
Rv3246c,3626663,3627349,-,686
Rv3247c,3627419,3628063,-,644
Rv3248c,3628160,3629647,-,1487
Rv3249c,3629752,3630387,-,635
Rv3250c,3630384,3630566,-,182
Rv3251c,3630571,3630738,-,167
Rv3252c,3630738,3631988,-,1250
Rv3253c,3632097,3633584,-,1487
Rv3254,3633675,3635063,+,1388
Rv3255c,3635041,3636267,-,1226
Rv3256c,3636275,3637315,-,1040
Rv3257c,3637312,3638709,-,1397
Rv3258c,3638811,3639302,-,491
Rv3259,3639425,3639844,+,419
Rv3260c,3639872,3640141,-,269
Rv3261,3640543,3641538,+,995
Rv3262,3641535,3642881,+,1346
Rv3263,3643177,3644838,+,1661
Rv3264c,3644898,3645977,-,1079
Rv3265c,3645979,3646884,-,905
Rv3266c,3646895,3647809,-,914
Rv3267,3647885,3649381,+,1496
Rv3268,3649420,3650109,+,689
Rv3269,3650234,3650515,+,281
Rv3270,3650526,3652682,+,2156
Rv3271c,3652679,3653347,-,668
Rv3272,3653448,3654632,+,1184
Rv3273,3654637,3656931,+,2294
Rv3274c,3656920,3658089,-,1169
Rv3275c,3658114,3658638,-,524
Rv3276c,3658635,3659924,-,1289
Rv3277,3659878,3660696,+,818
Rv3278c,3660651,3661169,-,518
Rv3279c,3661212,3662012,-,800
Rv3280,3662062,3663708,+,1646
Rv3281,3663689,3664222,+,533
Rv3282,3664219,3664887,+,668
Rv3283,3664928,3665821,+,893
Rv3284,3665818,3666249,+,431
Rv3285,3666357,3668159,+,1802
Rv3286c,3668169,3668954,-,785
Rv3287c,3668951,3669388,-,437
Rv3288c,3669586,3669999,-,413
Rv3289c,3670034,3670411,-,377
Rv3290c,3670445,3671794,-,1349
Rv3291c,3671845,3672297,-,452
Rv3292,3672328,3673575,+,1247
Rv3293,3673602,3675086,+,1484
Rv3294c,3675186,3675995,-,809
Rv3295,3676066,3676731,+,665
Rv3296,3676775,3681316,+,4541
Rv3297,3681320,3682087,+,767
Rv3298c,3682110,3683024,-,914
Rv3299c,3683051,3685963,-,2912
Rv3300c,3685983,3686900,-,917
Rv3301c,3686912,3687577,-,665
Rv3302c,3687685,3689442,-,1757
Rv3303c,3689457,3690938,-,1481
Rv3304,3691141,3691620,+,479
Rv3305c,3691639,3692808,-,1169
Rv3306c,3692805,3693989,-,1184
Rv3307,3694054,3694860,+,806
Rv3308,3694864,3696468,+,1604
Rv3309c,3696470,3697093,-,623
Rv3310,3697198,3698097,+,899
Rv3311,3698121,3699383,+,1262
Rv3312A,3700705,3701016,-,311
Rv3312c,3699404,3700330,-,926
Rv3313c,3701087,3702184,-,1097
Rv3314c,3702184,3703467,-,1283
Rv3315c,3703464,3703865,-,401
Rv3316,3704102,3704440,+,338
Rv3317,3704437,3704871,+,434
Rv3318,3705000,3706772,+,1772
Rv3319,3706772,3707563,+,791
Rv3320c,3707642,3708070,-,428
Rv3321c,3708074,3708316,-,242
Rv3322c,3708438,3709052,-,614
Rv3323c,3709049,3709714,-,665
Rv3324A,3710248,3710379,-,131
Rv3324c,3709715,3710269,-,554
Rv3325,3710433,3710759,+,326
Rv3326,3710756,3711694,+,938
Rv3327,3711749,3713461,+,1712
Rv3328c,3713394,3714332,-,938
Rv3329,3714392,3715708,+,1316
Rv3330,3715777,3716994,+,1217
Rv3331,3717090,3718598,+,1508
Rv3332,3718595,3719746,+,1151
Rv3333c,3719937,3720782,-,845
Rv3334,3721257,3721697,+,440
Rv3335c,3721731,3722600,-,869
Rv3336c,3722621,3723631,-,1010
Rv3337,3723656,3724042,+,386
Rv3338,3723904,3724548,+,644
Rv3339c,3724615,3725844,-,1229
Rv3340,3726127,3727476,+,1349
Rv3341,3727488,3728627,+,1139
Rv3342,3728624,3729355,+,731
Rv3343c,3729364,3736935,-,7571
Rv3344c,3736984,3738438,-,1454
Rv3345c,3738158,3742774,-,4616
Rv3346c,3743198,3743455,-,257
Rv3347c,3743711,3753184,-,9473
Rv3348,3753765,3754256,+,491
Rv3349c,3754293,3755033,-,740
Rv3350c,3755952,3767102,-,11150
Rv3351c,3767346,3768140,-,794
Rv3352c,3768222,3768593,-,371
Rv3353c,3768736,3768996,-,260
Rv3354,3769111,3769500,+,389
Rv3355c,3769514,3769807,-,293
Rv3356c,3769804,3770649,-,845
Rv3357,3770773,3771048,+,275
Rv3358,3771045,3771302,+,257
Rv3359,3771344,3772534,+,1190
Rv3360,3772651,3773019,+,368
Rv3361c,3773016,3773567,-,551
Rv3362c,3773574,3774155,-,581
Rv3363c,3774136,3774504,-,368
Rv3364c,3774482,3774874,-,392
Rv3365c,3774871,3777501,-,2630
Rv3366,3777737,3778201,+,464
Rv3367,3778568,3780334,+,1766
Rv3368c,3780335,3780979,-,644
Rv3369,3780978,3781412,+,434
Rv3370c,3781501,3784776,-,3275
Rv3371,3784932,3786272,+,1340
Rv3372,3786314,3787489,+,1175
Rv3373,3787726,3788367,+,641
Rv3374,3788368,3788616,+,248
Rv3375,3788621,3790048,+,1427
Rv3376,3790156,3790809,+,653
Rv3377c,3790848,3792353,-,1505
Rv3378c,3792358,3793248,-,890
Rv3379c,3793257,3794867,-,1610
Rv3380c,3795100,3795984,-,884
Rv3381c,3796035,3796361,-,326
Rv3382c,3796448,3797437,-,989
Rv3383c,3797437,3798489,-,1052
Rv3384c,3799243,3799635,-,392
Rv3385c,3799635,3799943,-,308
Rv3386,3800092,3800796,+,704
Rv3387,3800786,3801463,+,677
Rv3388,3801653,3803848,+,2195
Rv3389c,3803919,3804791,-,872
Rv3390,3804865,3805575,+,710
Rv3391,3805621,3807573,+,1952
Rv3392c,3807574,3808437,-,863
Rv3393,3808461,3809387,+,926
Rv3394c,3809442,3811025,-,1583
Rv3395A,3811719,3812345,+,626
Rv3395c,3811022,3811636,-,614
Rv3396c,3812501,3814078,-,1577
Rv3397c,3814090,3814998,-,908
Rv3398c,3815027,3816106,-,1079
Rv3399,3816129,3817175,+,1046
Rv3400,3817239,3818027,+,788
Rv3401,3818042,3820402,+,2360
Rv3402c,3820653,3821891,-,1238
Rv3403c,3822262,3823863,-,1601
Rv3404c,3823880,3824584,-,704
Rv3405c,3824702,3825268,-,566
Rv3406,3825330,3826217,+,887
Rv3407,3826252,3826551,+,299
Rv3408,3826548,3826958,+,410
Rv3409c,3826991,3828727,-,1736
Rv3410c,3828783,3829910,-,1127
Rv3411c,3829930,3831519,-,1589
Rv3412,3831726,3832136,+,410
Rv3413c,3832146,3833045,-,899
Rv3414c,3833038,3833676,-,638
Rv3415c,3833694,3834521,-,827
Rv3416,3834892,3835200,+,308
Rv3417c,3835272,3836891,-,1619
Rv3418c,3836986,3837288,-,302
Rv3419c,3837555,3838589,-,1034
Rv3420c,3838586,3839062,-,476
Rv3421c,3839059,3839694,-,635
Rv3422c,3839691,3840197,-,506
Rv3423c,3840194,3841420,-,1226
Rv3424c,3841714,3842076,-,362
Rv3425,3842239,3842769,+,530
Rv3426,3843036,3843734,+,698
Rv3427c,3843885,3844640,-,755
Rv3428c,3844738,3845970,-,1232
Rv3429,3847165,3847701,+,536
Rv3430c,3847642,3848805,-,1163
Rv3431c,3849294,3850139,-,845
Rv3432c,3850372,3851754,-,1382
Rv3433c,3851792,3853213,-,1421
Rv3434c,3853215,3853928,-,713
Rv3435c,3853939,3854793,-,854
Rv3436c,3855015,3856889,-,1874
Rv3437,3856911,3857387,+,476
Rv3438,3857397,3858239,+,842
Rv3439c,3858259,3859662,-,1403
Rv3440c,3859665,3859976,-,311
Rv3441c,3860024,3861370,-,1346
Rv3442c,3861495,3861950,-,455
Rv3443c,3861947,3862390,-,443
Rv3444c,3862624,3862926,-,302
Rv3445c,3862947,3863324,-,377
Rv3446c,3863317,3864531,-,1214
Rv3447c,3864528,3868238,-,3710
Rv3448,3868352,3869755,+,1403
Rv3449,3869752,3871119,+,1367
Rv3450c,3871084,3872496,-,1412
Rv3451,3872617,3873405,+,788
Rv3452,3873452,3874132,+,680
Rv3453,3874404,3874736,+,332
Rv3454,3874822,3876090,+,1268
Rv3455c,3876052,3876945,-,893
Rv3456c,3876890,3877432,-,542
Rv3457c,3877464,3878507,-,1043
Rv3458c,3878659,3879264,-,605
Rv3459c,3879273,3879692,-,419
Rv3460c,3879696,3880070,-,374
Rv3461c,3880286,3880399,-,113
Rv3462c,3880432,3880653,-,221
Rv3463,3880907,3881764,+,857
Rv3464,3881837,3882832,+,995
Rv3465,3882834,3883442,+,608
Rv3466,3883525,3884193,+,668
Rv3467,3883964,3884917,+,953
Rv3468c,3884975,3886069,-,1094
Rv3469c,3886073,3887083,-,1010
Rv3470c,3887144,3888802,-,1658
Rv3471c,3888808,3889341,-,533
Rv3472,3889362,3889868,+,506
Rv3473c,3889948,3890733,-,785
Rv3474,3890830,3891156,+,326
Rv3475,3891051,3892091,+,1040
Rv3476c,3892371,3893720,-,1349
Rv3477,3894093,3894389,+,296
Rv3478,3894426,3895607,+,1181
Rv3479,3895820,3898885,+,3065
Rv3480c,3898909,3900402,-,1493
Rv3481c,3900493,3901182,-,689
Rv3482c,3901324,3902106,-,782
Rv3483c,3902150,3902812,-,662
Rv3484,3903078,3904616,+,1538
Rv3485c,3904622,3905566,-,944
Rv3486,3905772,3906221,+,449
Rv3487c,3906174,3907007,-,833
Rv3488,3907667,3907990,+,323
Rv3489,3908072,3908236,+,164
Rv3490,3908236,3909738,+,1502
Rv3491,3909890,3910468,+,578
Rv3492c,3910483,3910518,-,35
Rv3493c,3910947,3911675,-,728
Rv3494c,3911675,3913369,-,1694
Rv3495c,3913380,3914534,-,1154
Rv3496c,3914531,3915886,-,1355
Rv3497c,3915883,3916956,-,1073
Rv3498c,3916946,3917998,-,1052
Rv3499c,3917998,3919200,-,1202
Rv3500c,3919220,3920062,-,842
Rv3501c,3920097,3920861,-,764
Rv3502c,3921087,3922040,-,953
Rv3503c,3922065,3922256,-,191
Rv3504,3922471,3923673,+,1202
Rv3505,3923698,3924819,+,1121
Rv3506,3924890,3926398,+,1508
Rv3507,3926569,3930714,+,4145
Rv3508,3931005,3936710,+,5705
Rv3509c,3936877,3938424,-,1547
Rv3510c,3938421,3939257,-,836
Rv3511,3939617,3941761,+,2144
Rv3512,3941724,3944963,+,3239
Rv3513c,3945092,3945748,-,656
Rv3514,3945794,3950263,+,4469
Rv3515c,3950824,3952470,-,1646
Rv3516,3952544,3953335,+,791
Rv3517,3953431,3954270,+,839
Rv3518c,3954325,3955521,-,1196
Rv3519,3955550,3956260,+,710
Rv3520c,3956325,3957368,-,1043
Rv3521,3957521,3958432,+,911
Rv3522,3958448,3959512,+,1064
Rv3523,3959529,3960713,+,1184
Rv3524,3960755,3961786,+,1031
Rv3525c,3961800,3962324,-,524
Rv3526,3962439,3963599,+,1160
Rv3527,3963605,3964054,+,449
Rv3528c,3964479,3965192,-,713
Rv3529c,3965884,3967038,-,1154
Rv3530c,3967038,3967820,-,782
Rv3531c,3967817,3968944,-,1127
Rv3532,3969343,3970563,+,1220
Rv3533c,3970705,3972453,-,1748
Rv3534c,3972552,3973592,-,1040
Rv3535c,3973589,3974500,-,911
Rv3536c,3974511,3975296,-,785
Rv3537,3975369,3977060,+,1691
Rv3538,3977062,3977922,+,860
Rv3539,3978059,3979498,+,1439
Rv3540c,3979499,3980659,-,1160
Rv3541c,3980659,3981048,-,389
Rv3542c,3981045,3981980,-,935
Rv3543c,3981977,3983140,-,1163
Rv3544c,3983125,3984144,-,1019
Rv3545c,3984144,3985445,-,1301
Rv3546,3985557,3986732,+,1175
Rv3547,3986844,3987299,+,455
Rv3548c,3987382,3988296,-,914
Rv3549c,3988319,3989098,-,779
Rv3550,3989153,3989896,+,743
Rv3551,3989896,3990774,+,878
Rv3552,3990771,3991523,+,752
Rv3553,3991621,3992688,+,1067
Rv3554,3992685,3994742,+,2057
Rv3555c,3994830,3995699,-,869
Rv3556c,3995804,3996964,-,1160
Rv3557c,3997029,3997631,-,602
Rv3558,3997980,3999638,+,1658
Rv3559c,3999647,4000435,-,788
Rv3560c,4000432,4001589,-,1157
Rv3561,4001637,4003160,+,1523
Rv3562,4003161,4004294,+,1133
Rv3563,4004291,4005250,+,959
Rv3564,4005247,4006203,+,956
Rv3565,4006200,4007366,+,1166
Rv3566A,4008167,4008433,-,266
Rv3566c,4007331,4008182,-,851
Rv3567c,4008719,4009282,-,563
Rv3568c,4009297,4010199,-,902
Rv3569c,4010196,4011071,-,875
Rv3570c,4011086,4012270,-,1184
Rv3571,4012417,4013493,+,1076
Rv3572,4013511,4014041,+,530
Rv3573c,4014077,4016212,-,2135
Rv3574,4016484,4017083,+,599
Rv3575c,4017089,4018168,-,1079
Rv3576,4018358,4019071,+,713
Rv3577,4019262,4020128,+,866
Rv3578,4020142,4021383,+,1241
Rv3579c,4021425,4022393,-,968
Rv3580c,4022394,4023803,-,1409
Rv3581c,4023868,4024347,-,479
Rv3582c,4024344,4025039,-,695
Rv3583c,4025056,4025544,-,488
Rv3584,4025830,4026378,+,548
Rv3585,4026444,4027886,+,1442
Rv3586,4027891,4028967,+,1076
Rv3587c,4028968,4029762,-,794
Rv3588c,4029871,4030494,-,623
Rv3589,4030493,4031407,+,914
Rv3590c,4031404,4033158,-,1754
Rv3591c,4033269,4034042,-,773
Rv3592,4034057,4034374,+,317
Rv3593,4034352,4035710,+,1358
Rv3594,4035857,4036684,+,827
Rv3595c,4036731,4038050,-,1319
Rv3596c,4038158,4040704,-,2546
Rv3597c,4040981,4041319,-,338
Rv3598c,4041423,4042940,-,1517
Rv3599c,4042952,4043035,-,83
Rv3600c,4043041,4043859,-,818
Rv3601c,4043862,4044281,-,419
Rv3602c,4044281,4045210,-,929
Rv3603c,4045207,4046118,-,911
Rv3604c,4046303,4047496,-,1193
Rv3605c,4047705,4048181,-,476
Rv3606c,4048181,4048747,-,566
Rv3607c,4048744,4049145,-,401
Rv3608c,4049138,4049980,-,842
Rv3609c,4049977,4050585,-,608
Rv3610c,4050601,4052883,-,2282
Rv3611,4052950,4053603,+,653
Rv3612c,4053518,4053847,-,329
Rv3613c,4053881,4054042,-,161
Rv3614c,4054142,4054696,-,554
Rv3615c,4054812,4055123,-,311
Rv3616c,4055197,4056375,-,1178
Rv3617,4057733,4058701,+,968
Rv3618,4058698,4059885,+,1187
Rv3619c,4059984,4060268,-,284
Rv3620c,4060295,4060591,-,296
Rv3621c,4060648,4061889,-,1241
Rv3622c,4061899,4062198,-,299
Rv3623,4062527,4063249,+,722
Rv3624c,4063254,4063904,-,650
Rv3625c,4063901,4064872,-,971
Rv3626c,4064851,4065903,-,1052
Rv3627c,4065900,4067285,-,1385
Rv3628,4067423,4067911,+,488
Rv3629c,4067957,4069054,-,1097
Rv3630,4069175,4070470,+,1295
Rv3631,4070514,4071239,+,725
Rv3632,4071236,4071580,+,344
Rv3633,4071791,4072666,+,875
Rv3634c,4072667,4073611,-,944
Rv3635,4073634,4075409,+,1775
Rv3636,4075752,4076099,+,347
Rv3637,4076484,4076984,+,500
Rv3638,4076984,4077730,+,746
Rv3639c,4077884,4078450,-,566
Rv3640c,4078520,4079749,-,1229
Rv3641c,4079925,4080560,-,635
Rv3642c,4080571,4080765,-,194
Rv3643,4081160,4081351,+,191
Rv3644c,4081516,4082721,-,1205
Rv3645,4082807,4084456,+,1649
Rv3646c,4084453,4087257,-,2804
Rv3647c,4087610,4088188,-,578
Rv3648c,4088328,4088531,-,203
Rv3649,4088781,4091096,+,2315
Rv3650,4091233,4091517,+,284
Rv3651,4091841,4092878,+,1037
Rv3652,4093632,4093946,+,314
Rv3653,4093940,4094527,+,587
Rv3654c,4094660,4094914,-,254
Rv3655c,4094923,4095300,-,377
Rv3656c,4095324,4095530,-,206
Rv3657c,4095540,4096115,-,575
Rv3658c,4096139,4096939,-,800
Rv3659c,4096936,4097994,-,1058
Rv3660c,4098096,4099148,-,1052
Rv3661,4099647,4100510,+,863
Rv3662c,4101265,4102035,-,770
Rv3663c,4102032,4103678,-,1646
Rv3664c,4103675,4104475,-,800
Rv3665c,4104531,4105457,-,926
Rv3666c,4105459,4107084,-,1625
Rv3667,4107792,4109747,+,1955
Rv3668c,4109783,4110481,-,698
Rv3669,4110827,4111345,+,518
Rv3670,4111346,4112329,+,983
Rv3671c,4112322,4113515,-,1193
Rv3672c,4113521,4114342,-,821
Rv3673c,4114474,4115157,-,683
Rv3674c,4115157,4115894,-,737
Rv3675,4116002,4116379,+,377
Rv3676,4116478,4117152,+,674
Rv3677c,4117258,4118052,-,794
Rv3678A,4118530,4118691,-,161
Rv3678c,4118059,4118514,-,455
Rv3679,4118776,4119798,+,1022
Rv3680,4119795,4120955,+,1160
Rv3681c,4121198,4121554,-,356
Rv3682,4121916,4124348,+,2432
Rv3683,4124417,4125376,+,959
Rv3684,4125439,4126479,+,1040
Rv3685c,4127295,4128725,-,1430
Rv3686c,4128751,4129083,-,332
Rv3687c,4129323,4129691,-,368
Rv3688c,4129893,4130357,-,464
Rv3689,4130357,4131712,+,1355
Rv3690,4131739,4132392,+,653
Rv3691,4132518,4133519,+,1001
Rv3692,4133516,4134592,+,1076
Rv3693,4134726,4136048,+,1322
Rv3694c,4136122,4137114,-,992
Rv3695,4137206,4138138,+,932
Rv3696c,4138202,4139755,-,1553
Rv3697c,4139805,4140242,-,437
Rv3698,4140493,4142022,+,1529
Rv3699,4142044,4142745,+,701
Rv3700c,4142748,4143920,-,1172
Rv3701c,4143951,4144916,-,965
Rv3702c,4144913,4145614,-,701
Rv3703c,4145614,4146891,-,1277
Rv3704c,4146888,4148186,-,1298
Rv3705A,4149091,4149480,-,389
Rv3705c,4148318,4148962,-,644
Rv3706c,4149591,4149911,-,320
Rv3707c,4150030,4151040,-,1010
Rv3708c,4151180,4152217,-,1037
Rv3709c,4152218,4153483,-,1265
Rv3710,4153860,4155674,+,1814
Rv3711c,4155740,4156729,-,989
Rv3712,4156981,4158222,+,1241
Rv3713,4158227,4158922,+,695
Rv3714c,4158931,4159821,-,890
Rv3715c,4159889,4160500,-,611
Rv3716c,4160512,4160913,-,401
Rv3717,4161048,4161773,+,725
Rv3718c,4161815,4162258,-,443
Rv3719,4162306,4163718,+,1412
Rv3720,4163736,4164998,+,1262
Rv3721c,4164995,4166731,-,1736
Rv3722c,4166821,4168128,-,1307
Rv3723,4168536,4169300,+,764
Rv3724A,4169467,4169709,+,242
Rv3724B,4169606,4170169,+,563
Rv3725,4170214,4171143,+,929
Rv3726,4171421,4172614,+,1193
Rv3727,4172955,4174763,+,1808
Rv3728,4174873,4178070,+,3197
Rv3729,4178285,4180615,+,2330
Rv3730c,4180680,4181720,-,1040
Rv3731,4181758,4182834,+,1076
Rv3732,4182934,4183992,+,1058
Rv3733c,4184012,4184512,-,500
Rv3734c,4184526,4185890,-,1364
Rv3735,4186089,4186577,+,488
Rv3736,4186634,4187695,+,1061
Rv3737,4187699,4189288,+,1589
Rv3738c,4189285,4190232,-,947
Rv3739c,4190284,4190517,-,233
Rv3740c,4190833,4192179,-,1346
Rv3741c,4192179,4192853,-,674
Rv3742c,4192850,4193245,-,395
Rv3743c,4193391,4195373,-,1982
Rv3744,4195440,4195802,+,362
Rv3745c,4195886,4196098,-,212
Rv3746c,4196171,4196506,-,335
Rv3747,4196724,4197107,+,383
Rv3748,4197236,4197595,+,359
Rv3749c,4197628,4198137,-,509
Rv3750c,4198205,4198597,-,392
Rv3751,4198874,4199089,+,215
Rv3752c,4199247,4199705,-,458
Rv3753c,4199721,4200221,-,500
Rv3754,4200421,4201326,+,905
Rv3755c,4201289,4201888,-,599
Rv3756c,4201894,4202613,-,719
Rv3757c,4202610,4203299,-,689
Rv3758c,4203287,4204417,-,1130
Rv3759c,4204426,4205373,-,947
Rv3760,4205538,4205840,+,302
Rv3761c,4205862,4206917,-,1055
Rv3762c,4206996,4208876,-,1880
Rv3763,4209047,4209526,+,479
Rv3764c,4209582,4211009,-,1427
Rv3765c,4211080,4211784,-,704
Rv3766,4212293,4212982,+,689
Rv3767c,4212996,4213940,-,944
Rv3768,4214070,4214429,+,359
Rv3769,4214615,4214887,+,272
Rv3770A,4215881,4216063,-,182
Rv3770B,4216078,4216269,-,191
Rv3770c,4215200,4215775,-,575
Rv3771c,4216404,4216730,-,326
Rv3772,4217134,4218195,+,1061
Rv3773c,4218241,4218825,-,584
Rv3774,4218849,4219673,+,824
Rv3775,4219685,4220932,+,1247
Rv3776,4221089,4222648,+,1559
Rv3777,4222694,4223680,+,986
Rv3778c,4223699,4224895,-,1196
Rv3779,4224985,4226985,+,2000
Rv3780,4226989,4227525,+,536
Rv3781,4227529,4228350,+,821
Rv3782,4228347,4229261,+,914
Rv3783,4229258,4230100,+,842
Rv3784,4230256,4231236,+,980
Rv3785,4231320,4232393,+,1073
Rv3786c,4232374,4233597,-,1223
Rv3787c,4233610,4234536,-,926
Rv3788,4234780,4235265,+,485
Rv3789,4235374,4235739,+,365
Rv3790,4235779,4237164,+,1385
Rv3791,4237165,4237929,+,764
Rv3792,4237932,4239863,+,1931
Rv3793,4239863,4243147,+,3284
Rv3794,4243233,4246517,+,3284
Rv3795,4246514,4249810,+,3296
Rv3796,4249878,4251005,+,1127
Rv3797,4251085,4252866,+,1781
Rv3798,4252993,4254327,+,1334
Rv3799c,4254380,4255948,-,1568
Rv3800c,4255945,4261146,-,5201
Rv3801c,4261153,4263066,-,1913
Rv3802c,4263355,4264365,-,1010
Rv3803c,4264563,4265462,-,899
Rv3804c,4265642,4266658,-,1016
Rv3805c,4266953,4268836,-,1883
Rv3806c,4268925,4269833,-,908
Rv3807c,4269840,4270337,-,497
Rv3808c,4270366,4272279,-,1913
Rv3809c,4272276,4273475,-,1199
Rv3810,4273739,4274593,+,854
Rv3811,4274798,4276417,+,1619
Rv3812,4276571,4278085,+,1514
Rv3813c,4278394,4279215,-,821
Rv3814c,4279230,4280015,-,785
Rv3815c,4280033,4280788,-,755
Rv3816c,4280792,4281571,-,779
Rv3817,4281647,4282402,+,755
Rv3818,4282449,4283999,+,1550
Rv3819,4283996,4284331,+,335
Rv3820c,4284419,4285825,-,1406
Rv3821,4285973,4286686,+,713
Rv3822,4286721,4287935,+,1214
Rv3823c,4288260,4291529,-,3269
Rv3824c,4291639,4293174,-,1535
Rv3825c,4293225,4299605,-,6380
Rv3826,4299812,4301566,+,1754
Rv3827c,4301563,4302789,-,1226
Rv3828c,4302786,4303397,-,611
Rv3829c,4303398,4305008,-,1610
Rv3830c,4305056,4305685,-,629
Rv3831,4305757,4306239,+,482
Rv3832c,4306236,4306811,-,575
Rv3833,4306867,4307658,+,791
Rv3834c,4307655,4308914,-,1259
Rv3835,4309047,4310396,+,1349
Rv3836,4310401,4310814,+,413
Rv3837c,4311009,4311707,-,698
Rv3838c,4311704,4312669,-,965
Rv3839,4312765,4313541,+,776
Rv3840,4313567,4313980,+,413
Rv3841,4314178,4314723,+,545
Rv3842c,4314738,4315562,-,824
Rv3843c,4315568,4316596,-,1028
Rv3844,4318775,4319266,+,491
Rv3845,4319281,4319640,+,359
Rv3846,4320704,4321327,+,623
Rv3847,4321538,4322071,+,533
Rv3848,4322326,4323234,+,908
Rv3849,4323499,4323897,+,398
Rv3850,4324015,4324671,+,656
Rv3851,4324683,4324967,+,284
Rv3852,4325074,4325478,+,404
Rv3853,4325495,4325968,+,473
Rv3854c,4326004,4327473,-,1469
Rv3855,4327549,4328199,+,650
Rv3856c,4328401,4329408,-,1007
Rv3857c,4329417,4329614,-,197
Rv3858c,4330039,4331505,-,1466
Rv3859c,4331498,4336081,-,4583
Rv3860,4336777,4337949,+,1172
Rv3861,4337946,4338272,+,326
Rv3862c,4338171,4338521,-,350
Rv3863,4338849,4340027,+,1178
Rv3864,4340270,4341478,+,1208
Rv3865,4341566,4341877,+,311
Rv3866,4341880,4342731,+,851
Rv3867,4342770,4343321,+,551
Rv3868,4343314,4345035,+,1721
Rv3869,4345039,4346481,+,1442
Rv3870,4346481,4348724,+,2243
Rv3871,4348827,4350602,+,1775
Rv3872,4350745,4351044,+,299
Rv3873,4351075,4352181,+,1106
Rv3874,4352274,4352576,+,302
Rv3875,4352609,4352896,+,287
Rv3876,4353010,4355010,+,2000
Rv3877,4355007,4356542,+,1535
Rv3878,4356693,4357535,+,842
Rv3879c,4357593,4359782,-,2189
Rv3880c,4360199,4360546,-,347
Rv3881c,4360543,4361925,-,1382
Rv3882c,4362032,4363420,-,1388
Rv3883c,4363417,4364757,-,1340
Rv3884c,4364979,4366838,-,1859
Rv3885c,4366908,4368521,-,1613
Rv3886c,4368518,4370170,-,1652
Rv3887c,4370155,4371684,-,1529
Rv3888c,4371681,4372706,-,1025
Rv3889c,4372800,4373630,-,830
Rv3890c,4373726,4374013,-,287
Rv3891c,4374049,4374372,-,323
Rv3892c,4374484,4375683,-,1199
Rv3893c,4375762,4375995,-,233
Rv3894c,4376262,4380452,-,4190
Rv3895c,4380453,4381940,-,1487
Rv3896c,4381943,4382851,-,908
Rv3897c,4383008,4383640,-,632
Rv3898c,4383653,4383985,-,332
Rv3899c,4384147,4385379,-,1232
Rv3900c,4385373,4386308,-,935
Rv3901c,4386365,4386814,-,449
Rv3902c,4387365,4387895,-,530
Rv3903c,4387892,4390432,-,2540
Rv3904c,4390437,4390709,-,272
Rv3905c,4390720,4391031,-,311
Rv3906c,4391097,4391606,-,509
Rv3907c,4391631,4393073,-,1442
Rv3908,4393449,4394195,+,746
Rv3909,4394192,4396600,+,2408
Rv3910,4396597,4400151,+,3554
Rv3911,4400186,4400854,+,668
Rv3912,4400870,4401634,+,764
Rv3913,4401728,4402735,+,1007
Rv3914,4402732,4403082,+,350
Rv3915,4403192,4404412,+,1220
Rv3916c,4404433,4405167,-,734
Rv3917c,4405457,4406491,-,1034
Rv3918c,4406488,4407531,-,1043
Rv3919c,4407528,4408202,-,674
Rv3920c,4408334,4408897,-,563
Rv3921c,4408969,4410069,-,1100
Rv3922c,4410053,4410415,-,362
Rv3923c,4410412,4410762,-,350
Rv3924c,4410786,4410929,-,143
Rvnr01,1471846,1473382,+,1536
Rvnr02,1473658,1476795,+,3137
Rvnr03,1476899,1477013,+,114
Rvns01,2500445,2500751,-,306
Rvns02,3467813,3468419,-,606
Rvnt01,10887,10960,+,73
Rvnt02,11112,11184,+,72
Rvnt03,25644,25726,+,82
Rvnt04,386204,386274,-,70
Rvnt05,658109,658189,+,80
Rvnt06,731494,731566,+,72
Rvnt07,731603,731676,+,73
Rvnt08,733524,733596,+,72
Rvnt09,850642,850713,-,71
Rvnt10,923803,923875,-,72
Rvnt11,923999,924072,+,73
Rvnt12,924110,924183,+,73
Rvnt13,924213,924286,+,73
Rvnt14,1025321,1025393,-,72
Rvnt15,1113511,1113583,+,72
Rvnt16,1138076,1138147,-,71
Rvnt17,1177396,1177469,+,73
Rvnt18,1446193,1446265,-,72
Rvnt19,1512728,1512811,+,83
Rvnt20,1828015,1828088,-,73
Rvnt21,1946613,1946686,+,73
Rvnt22,2401987,2402072,+,85
Rvnt23,2510598,2510669,-,71
Rvnt24,2581764,2581837,-,73
Rvnt25,2619407,2619479,-,72
Rvnt26,2765331,2765404,-,73
Rvnt27,2765541,2765611,+,70
Rvnt28,2794176,2794249,+,73
Rvnt29,2827854,2827926,+,72
Rvnt30,2835494,2835566,+,72
Rvnt31,2969497,2969568,-,71
Rvnt32,2969753,2969825,+,72
Rvnt33,2969855,2969925,+,70
Rvnt34,2969942,2970013,+,71
Rvnt35,3348547,3348619,-,72
Rvnt36,3348659,3348730,-,71
Rvnt37,3431840,3431912,-,72
Rvnt38,3559370,3559443,-,73
Rvnt39,4081365,4081437,-,72
Rvnt40,4126541,4126614,+,73
Rvnt41,4168345,4168430,+,85
Rvnt42,4199131,4199217,-,86
Rvnt43,4216865,4216937,-,72
Rvnt44,4216968,4217056,-,88
Rvnt45,4222581,4222667,-,86
