feature1,Rv0033,Rv0040c,Rv0062,Rv0069c,Rv0114,Rv0115,Rv0158,Rv0289,Rv0291,Rv0316,Rv0427c,Rv0450c,Rv0466,Rv0646c,Rv0677c,Rv0824c,Rv0829,Rv0879c,Rv1009,Rv1010,Rv1176c,Rv1303,Rv1319c,Rv1435c,Rv1478,Rv1479,Rv1497,Rv1566c,Rv1572c,Rv1595,Rv1596,Rv1645c,Rv1650,Rv1700,Rv1889c,Rv1979c,Rv2025c,Rv2048c,Rv2113,Rv2139,Rv2145c,Rv2154c,Rv2244,Rv2245,Rv2246,Rv2247,Rv2252,Rv2256c,Rv2280,Rv2328,Rv2377c,Rv2398c,Rv2403c,Rv2404c,Rv2413c,Rv2450c,Rv2451,Rv2478c,Rv2525c,Rv2542,Rv2563,Rv2564,Rv2721c,Rv2722,Rv2756c,Rv2781c,Rv2842c,Rv2846c,Rv2911,Rv2932,Rv2946c,Rv2947c,Rv2948c,Rv2958c,Rv2959c,Rv3000,Rv3003c,Rv3027c,Rv3049c,Rv3137,Rv3171c,Rv3213c,Rv3241c,Rv3341,Rv3342,Rv3362c,Rv3395A,Rv3414c,Rv3439c,Rv3454,Rv3557c,Rv3575c,Rv3597c,Rv3712,Rv3713,Rv3763,Rv3791,Rv3834c,Rv3839,Rvnt40
Rv0033,1.0,0.08645700162318684,0.13807451519373,0.13465372934783132,0.28561337329309977,0.18588694241772008,0.21207146455422787,0.08792576384509848,0.2047755380836921,0.20734915147997154,0.27527781016594316,0.15943165612876284,0.07492630556837256,0.0801691087400403,0.17458627749347405,-0.08466801545970357,0.22074691622649978,0.2160874863050588,0.1341556941811071,0.142842002681787,0.1977627139988753,-0.002045832679022186,0.20515105781286902,0.12678079336089265,0.15043441962548676,0.002293764070201996,0.08048846507520684,0.17812847910583304,0.18522894420924557,0.17458627749347405,0.2811494136138858,0.18422379905749273,0.22086404779235008,0.0866041332845308,0.16390583096330658,0.09636169900874604,0.2182027676437467,0.07831348343247294,0.20821112020336402,0.1463778868184145,0.1360091728613491,0.23283704251418486,0.1947574939234969,0.21037252524719552,0.16594883752834919,0.1572988264502801,0.21988368696774266,0.1621813417178881,0.18996536981399847,0.25315407054397254,0.0794430691602383,0.007425757133152373,0.2175348738502752,0.20564770902919188,0.13075950245494408,0.0385325508334318,0.14581623422900525,0.028478649693903346,0.07229562504446872,0.21678866121944584,0.21419158482178932,0.20734915147997154,0.1332155879728367,0.21826034977382053,0.17869711170381153,-0.09813125125477588,0.19343364754622921,0.17458627749347405,0.20990140163044257,0.21089551398355477,0.1338136572290138,0.21332978818634218,0.1989505194848009,0.2464213297744888,0.11370774156652023,0.20124874663232287,0.07387524947993485,0.20312970141322437,0.18693533726781644,0.11156971484592644,0.18996536981399847,0.013853033638266317,0.0012838255171272362,0.21098038825135532,0.17649283758815656,0.23299203089260143,0.10915874933803756,0.1149487337872921,0.21421357217234613,0.22691498006423838,-0.005386667163682058,0.18000360780996674,0.1174893307539453,0.08105124997492968,0.1901682973183566,0.02964616165094617,0.2627539837874546,0.19110420882573503,-0.055308120455824755,0.10541337558088536
Rv0040c,0.08645700162318684,0.9999999999999999,0.32336295247063707,0.34206223350284726,0.07645507091146511,0.29178206703267157,0.3210778775622256,0.26077372400072296,0.17304249457600912,0.3630259842122582,0.21280373612979706,0.3569410469266197,0.2912300120189511,0.41916599737900473,0.19823955575683072,0.13836269820961372,0.2620424005645582,0.24015080749385284,0.2340541828550806,0.2040252565114438,0.19090611157789522,0.224102600571002,0.34264167130856565,0.3890583718832409,0.41172248317361737,0.21862992606439763,0.4897047126095806,0.370267060675596,0.2263883458119989,0.19823955575683072,0.20938930089771945,0.16454532341287623,0.3200754241844103,0.16100571919847365,0.29442777115126884,0.19899141275427906,0.1625949957624594,0.4163783406665756,0.34941826882286725,0.39474829699558384,0.2955620378857311,0.25086489211378765,0.19404809730665606,0.2589707428944172,0.26165228334356755,0.39343360508373343,0.15761710152986091,0.32780171632098115,0.21862992606439777,0.11447568369363834,0.1508154483509878,0.2601419238276166,0.35703862540998543,0.3773654346764855,0.17965086587120985,0.3154950088887329,0.2522339129324366,0.29823627580822576,0.2699213088619715,0.32204534077236957,0.3729313248517392,0.3630259842122582,0.3207724080857916,0.28724277869833104,0.1611374026183,0.21015124215491746,0.2036400450033904,0.19823955575683072,0.36671536744899835,0.35093258805936983,0.37670263642711027,0.3716812722009791,0.3509325880593699,0.40272524849198643,0.34384653440458246,0.4000490664875458,0.3781589126830701,0.35694104692661965,0.37923483591764223,0.3805831263624159,0.21862992606439777,0.1489550320728669,0.40850119229910264,0.3705155752632266,0.36425250971551965,0.2711431349704723,0.35838795666640794,0.412233336383422,0.3557333663535399,0.37418487905844255,0.22046235956986,0.3315726188885437,0.3593656166202313,0.12783409668718848,0.2515361762088547,0.2761954085665039,0.23084401216973863,0.33766375285154043,0.2630853232786049,0.05758858039361066
Rv0062,0.13807451519373,0.32336295247063707,1.0,0.2652380783148297,0.08212964468042472,0.24828604767836965,0.32912918061366964,0.08932839164742015,-0.03422474289888427,0.354238960786218,0.35111295572207696,0.1860116141494595,0.23674194154697642,0.4090201081078511,0.2037647799599922,0.19888510435989087,0.11826197127021702,0.29430094815056285,0.24041144394323236,0.25684897502187537,0.23002425116097058,0.22966154529205665,0.3343480490240353,0.2325075512254061,0.23754518024603535,0.22405311914767057,0.313988767557325,0.25915712602767177,0.2802458527113885,0.2037647799599922,0.21635009190029736,-0.010713654651311137,0.4297340737889366,0.16693831550989993,0.21159452116437671,0.20462444045081096,-0.029118068780676836,0.36518338811788736,0.2265928325585058,0.3714879239983241,0.22384389103421673,0.257700080626464,0.1896669646348604,0.1416842890279818,0.15037182179127748,0.28796290882822984,0.16423727749859723,0.2142970808412242,0.22405311914767065,0.12105259448010673,-0.027195995022845844,0.09062157575130314,0.3265364162047054,0.3754981671010231,0.16933058364192616,0.34764466426732804,0.25849066486299854,0.21647851102785012,0.2777360080766901,0.3126340600222454,0.3364076237753376,0.354238960786218,0.17574701721043212,0.10621243049131518,0.201887326704868,0.21894020655176955,0.20869140875500522,0.2037647799599922,0.35783904271027317,0.34243828460357206,0.36758457040734877,0.32142759590715037,0.34243828460357206,0.2970707034167245,0.1424285918669598,0.25677279723181634,0.3032121399757281,0.30686564227700874,0.249907595635358,0.4239417789755389,0.22405311914767065,-0.10181125206136875,0.21777013466310766,0.198423958847285,0.19352959051172738,0.33837231804657325,0.32079937314350276,0.26865546621952796,0.30566916750107853,0.32389367783192957,0.22593100681803852,0.4368326041791719,0.18851294156807857,0.24317894790241074,0.32696438826362906,0.22621780720457813,0.3091873016203916,0.3091593735360181,0.06291554148563235,0.046933585176135564
Rv0069c,0.13465372934783132,0.34206223350284726,0.2652380783148297,1.0,0.14719288853638104,0.3880634405951777,0.2034737658276813,0.18879270750228977,0.23309812978566044,0.35778708000127474,0.2955150119215573,0.2563392933707296,0.22566010230775302,0.3502828279724328,0.17498723669298416,0.07611203638955302,0.2050528202881913,0.3083096790361314,0.20734400910822548,0.2564610739676003,0.26384832785654644,0.20088900948030777,0.34486126620612617,0.2629475501719192,0.30755541644786183,0.19598322008724114,0.33145819076608224,0.274981157418816,0.17871122451296625,0.17498723669298416,0.2691678236652331,0.19605786262608604,0.3338983054526491,0.2337259303580166,0.19762282183209792,0.17526258260796299,0.15693166145388496,0.3471965284781411,0.3650916998363647,0.39344471470399367,0.2262487270288541,0.22214094341602075,0.2735685073495462,0.34112114616897576,0.3334353914260046,0.34505078474170847,0.2319942181198186,0.2398437217737679,0.19598322008724117,0.1867274425688794,0.21372433337567542,0.33333333333333337,0.33879161566891636,0.35687408178532515,0.23591679567914098,0.22068977696730935,0.22610634949006525,0.2926529009103788,0.17225907454789655,0.3732038607604446,0.36895967597405377,0.35778708000127474,0.24079693157848597,0.21027169150858502,0.2629424955781416,0.1354780831446891,0.008156911804111945,0.17498723669298416,0.36195286195286097,0.3542484948656298,0.3026612768183264,0.3675517401305954,0.344093258510189,0.38225787711746667,0.30620804341994057,0.3424133204907689,0.2236795485681666,0.3509045135865456,0.31897158992671276,0.3092657439382358,0.19598322008724117,0.23523782199274018,0.25340194914193837,0.2804660870556059,0.2749388568353989,0.27890733389070976,0.3496031340013886,0.27558614619562094,0.35967310630665195,0.3804536748986989,0.0338183258345977,0.3033206173786505,0.19842122505619372,0.04872423164709788,0.21358210794381693,0.1519888365438062,0.21963031851023077,0.29651694672648965,0.09943457308633723,0.19602408989761866
Rv0114,0.28561337329309977,0.07645507091146511,0.08212964468042472,0.14719288853638104,1.0,0.19956089559582346,0.17102007216785964,0.19331438602737813,0.27491929764681733,0.19660990478465348,0.11912135466579815,0.19331438602737813,-0.016575174696924343,0.03676624357212774,0.1883332276648703,-0.10054204405606558,0.210252253131114,0.23639169152677672,0.15157338490614983,0.17362411403073655,0.2513474178024367,0.1810989067474512,0.18557003988960433,0.10884138500888371,0.15678191838105435,0.03714504638814996,0.07167289761815583,0.04254513720121455,0.19540050184375757,0.1883332276648703,0.2093786543116514,0.25108725191580195,0.17803201417141212,0.2731760826002768,0.1326382032178326,0.29069825202936134,0.22705906998655623,0.035294567400456126,0.1584147498362074,0.11868515350829173,0.011357032433510907,0.22835242995763075,0.19662280873901208,0.20967972700240742,0.17275279596661544,0.11796414454458998,0.24160917504941581,0.006732796021930675,0.20244709094038194,0.44143924101173887,0.17102007216785972,0.17472046119929027,0.17537687891773998,0.16589818718032692,0.19675960048770597,0.01535340487040021,0.1621200213862652,0.15717830328868687,-0.018251054826551698,0.20401699244965962,0.2019745017134762,0.19660990478465348,0.1737259462243249,0.09043882858708006,0.31097030459764746,0.05422524406808821,-0.07251022490970106,0.1883332276648703,0.19860802425388083,0.19006028693484206,0.10868902000785474,0.20129749030567115,0.19006028693484214,0.21811048300633465,0.15253177433042436,0.21666109945815365,0.04285215009124902,0.19331438602737813,0.20538839703880785,0.07088263043729687,0.20244709094038194,0.03849017428260617,-0.14545524839672694,0.2339451577617477,0.19727417421136081,0.0804971918504507,0.1267001611874589,0.1281754256150143,0.19266032275695164,0.202653409516061,-0.07850015588175596,0.1143862293232817,0.09886420326803724,0.0007989398589782905,0.12700141045064803,-0.13014955665676672,0.21581288962937717,0.14484720454460062,-0.10461138182218668,0.22652234672536073
Rv0115,0.18588694241772008,0.29178206703267157,0.24828604767836965,0.3880634405951777,0.19956089559582346,1.0,0.20545791184979728,0.16803071952282764,0.20941134447133586,0.3004094730227494,0.2627204632752678,0.2384838513982273,0.11238402253945584,0.27794994128271056,0.221532322745277,0.03969357790712444,0.24290610871064072,0.38911502139789106,0.16874572450827688,0.2846392991738546,0.3394939405564902,0.24763027827182454,0.29236758867456225,0.2631435074146913,0.26361917686895087,0.24158304853192614,0.2831212450111226,0.3497582769681772,0.22696073490733737,0.221532322745277,0.33179566790873594,0.2150715704566194,0.32066285584327536,0.195562358441694,0.21626681876216394,0.22272692480785064,0.1652000659231958,0.27544743806301525,0.39705110694106965,0.3292785363646707,0.17908543120307094,0.2797012582757835,0.26817965005658373,0.33356219249749597,0.272480729793923,0.3106068303458983,0.2924726447792435,0.2356619797389121,0.2415830485319262,0.1636529699047219,0.11992469616211081,0.24495407223089344,0.42704824096457134,0.30016295102669566,0.1489267098563324,0.1255066683036088,0.27871498987474286,0.36657558530654966,0.15520911778538113,0.3128818918457251,0.3094467960788638,0.3004094730227494,0.23284671282635228,0.1255066683036088,0.3280328525352216,0.11204510015013912,0.0431262806251558,0.221532322745277,0.3037781684297094,0.29993632460322467,0.23930384337136662,0.3083075055436845,0.2893441059592027,0.34698999192934293,0.29036738592350414,0.3166101650667197,0.1454145478116013,0.2948463568985471,0.29767627654903017,0.22837850050969144,0.2415830485319262,0.17844375465243106,0.1743697910821869,0.24386637525487442,0.27341507867146947,0.1808545676611878,0.27973132418118934,0.24376008245626143,0.30431372699532805,0.32110549039058367,0.07275166926787181,0.30666102235565884,0.1949923020106858,0.09292347370890891,0.2846124830115138,0.12905372063101853,0.2944279066123142,0.26471792388254883,-0.03532100414007088,0.14455385355625122
Rv0158,0.21207146455422787,0.3210778775622256,0.32912918061366964,0.2034737658276813,0.17102007216785964,0.20545791184979728,1.0,0.15504119572107997,0.1302503973137983,0.3326251185661109,0.205239250648446,0.25100656629488177,0.209539598711968,0.3181080662252951,0.19592527066366555,0.10430254094427947,0.22213727992216944,0.28116397305585555,0.14175423361431322,0.1751386525240218,0.18737758528884116,0.22177867911497284,0.3117525214761288,0.27285072878384564,0.3068558173834017,0.21636275569325195,0.31142676557194815,0.24702604849640886,0.2694890465367557,0.19592527066366555,0.20646637058280598,0.12543673739155545,0.2874373589234729,0.068470527606841,0.3161096868579766,0.19663140606455654,0.12199736375594827,0.3017085537116058,0.28929493572389503,0.2798518583048283,0.2237196534768696,0.2480029417859962,0.22893355534859264,0.18270180958213433,0.12153508869369055,0.25470332183770505,0.1548296408644131,0.32676058317534995,0.2163627556932519,0.12022485593795289,0.04576451415296056,0.0643223113636628,0.28258590756160246,0.34467473385136094,0.18208813943060284,0.2580766339176949,0.24961827259310831,0.20492617246623626,0.18867944232233624,0.2920183515290249,0.3427231575708663,0.3326251185661109,0.21234535099083954,0.18054615831029452,0.1916682371719113,0.13527376381771786,0.201528318193062,0.19592527066366555,0.3363894583666715,0.3202578676960322,0.3465608663093401,0.32779999264481285,0.3339986632780348,0.3355493415171341,0.22020063671094972,0.2954400168505663,0.3042027160156113,0.3126985902351829,0.2878040228772397,0.3617140463710771,0.2163627556932519,0.00022016410812065776,0.21966072144714607,0.26616080184242813,0.25865380171230135,0.3502181843804978,0.3287871983362263,0.3077465189390096,0.3114573806700424,0.33035655433895234,0.218176187047339,0.32371705766722914,0.2535480746901867,0.2862675661879835,0.3126967511622705,0.27259261689019815,0.34094310121800786,0.3049864623663949,0.07186054013940531,0.10134972260052501
Rv0289,0.08792576384509848,0.26077372400072296,0.08932839164742015,0.18879270750228977,0.19331438602737813,0.16803071952282764,0.15504119572107997,1.0,0.2507678556322439,0.217764865135375,0.07064195165695766,0.3577171507294819,0.08469513132168029,0.15679379537011867,-0.010913491106487405,0.14831140676394514,0.2545429870377872,0.10278983603740158,0.028787650187820295,0.12682638135393828,0.13426404121870986,0.1599828337335829,0.19709992399895515,0.16514324382098983,0.23641379964522666,0.15607598939783143,0.24814744577041195,0.157728195700993,0.1665894261187379,-0.010913491106487405,0.09483559394267607,0.14082602276046852,0.15769904920600328,0.18613331188413762,0.2125089937538289,0.13228787472747636,0.24904281723996946,0.1529750133726379,0.2031034943978948,0.19326934007114457,0.18747024391935077,0.07729237718823305,0.12293034075431931,0.12237233175224435,0.17628400469272557,0.26871773962166107,0.09172142717354312,0.17107859522474816,0.006703958984047216,0.2189592225470471,0.3401172675419836,0.23506211882217154,0.19279999112526,0.2077708375300906,0.1577373065801193,0.08535356891604107,0.04580748047325942,0.19586731811779662,0.06343648568342217,0.1839956654175345,0.23239591776161037,0.217764865135375,0.24560991487750253,0.15502047321426518,0.1927263113765888,0.20728397548358454,-0.01262085816194976,-0.010913491106487405,0.22324146629519417,0.2097602095737162,0.16714830257256436,0.230562077000242,0.1995738291379344,0.2852147060045336,0.13209683537873335,0.28144733557026175,0.15836784337605667,0.22220967523375038,0.3358911711016724,0.1400948977430041,0.006703958984047216,0.1873373434468736,0.18943914086117464,0.2549052381250166,0.2635250598345858,0.11977681191242227,0.17370777287043898,0.21784019847646907,0.21700795680999954,0.2443449667546318,0.15738413086555822,0.1103253541843962,0.30030474192889733,0.12404502772782279,0.12390882795722462,0.06557861420906815,0.15473052482906954,0.2301468889404503,0.1794445924072936,0.143078619137628
Rv0291,0.2047755380836921,0.17304249457600912,-0.03422474289888427,0.23309812978566044,0.27491929764681733,0.20941134447133586,0.1302503973137983,0.2507678556322439,0.9999999999999999,0.24334628118794344,0.03626863907506232,0.23904790599995335,0.043034223918696726,0.1200036052892966,0.0006816235534431728,-0.1304233653115262,0.2727396948723208,0.11013833229155397,-0.024414260230196612,0.04233976349319162,0.12529746778653855,0.07755854608755433,0.24072187243279258,0.16029984405920725,0.23400176531446534,0.08357417982414644,0.16653740883218138,0.17581014310849488,0.08431504409465837,0.0006816235534431728,0.20096475144062223,0.3257109469887117,0.04736925346947909,0.1550570261021631,0.2024012882413544,0.17115627977528558,0.4282696756239304,0.11808006984450348,0.24790241232644486,0.18429174393984513,0.09938437337504209,0.11527214233970078,0.17336608840399678,0.3164894357066399,0.26693817927544283,0.19499010117285734,0.14032218866554927,0.20546187532264115,0.009750833641610075,0.24220832582973592,0.33577370668468237,0.23572705606143876,0.16730671358827084,0.12395993922837344,0.09778940698287175,-0.05280296805996422,-0.016975441437346427,0.1845521256116074,-0.06707377435745208,0.25299436484478616,0.25033564977781025,0.24334628118794344,0.2134118784951372,0.2203504612346396,0.19740115154352797,-0.04539074670119005,-0.09406042657085152,0.0006816235534431728,0.2459506582450197,0.24654663098249255,0.17139581375063026,0.24945409911676011,0.23479978919820804,0.2829334083117084,0.2800753138304982,0.28105326471849185,-0.020142526732751343,0.23904790599995324,0.2664302898278429,0.043263414903269556,0.009750833641610075,0.37352742634129243,0.09748823743716957,0.29182524848752345,0.25590450175600665,0.15073480866934988,0.20630568984087605,0.19659597151709277,0.249919403289182,0.26288245787206066,-0.10183057847788403,0.0019469171131201615,0.17050005126352202,0.016012087557037473,0.01231150177905161,-0.005389140829669104,0.08566127235544971,0.10939472335201329,0.1337560327448537,0.15458235818501184
Rv0316,0.20734915147997154,0.3630259842122582,0.354238960786218,0.35778708000127474,0.19660990478465348,0.3004094730227494,0.3326251185661109,0.217764865135375,0.24334628118794344,0.9999999999999999,0.30360820866327887,0.3327160437505392,0.23546494773947643,0.4162559266352055,0.16663247337161186,0.1164156481023903,0.2594332291981511,0.2774051736195935,0.19053096882548387,0.205352532472443,0.1993380899663589,0.16271013427362915,0.47192444371726217,0.2987980781857242,0.33806067701056797,0.1587366881755628,0.3706580464355079,0.26883312824627725,0.18710070111919294,0.16663247337161186,0.2180125873685685,0.18509926792791362,0.35673723893494624,0.18930641158599404,0.2939972616680953,0.16546633377187944,0.20684618636247964,0.37219015813708517,0.3285925470641071,0.45981956980591976,0.24584740961945598,0.17400329746810797,0.23403302889182268,0.3059123181425269,0.2855108465279626,0.3774762196932005,0.16848706397410848,0.3406615047038662,0.15873668817556277,0.210076005885633,0.16160084042013376,0.2699834678106658,0.360502954165953,0.37451105522422035,0.2704785234084536,0.3105975449539814,0.1831349289880142,0.23115862144878188,0.20539226208540054,0.4650331899640812,0.4867196183594668,0.49999999999999994,0.2867304122984316,0.23411709289748597,0.19664218200990474,0.12723339223899552,0.1478532555247693,0.16663247337161186,0.4848579506187792,0.4833436218358698,0.44821949447040565,0.47152481623935133,0.4833436218358699,0.44065044841268153,0.26653330303530276,0.42018699308446045,0.28678412337550985,0.4307626372752376,0.3845169837271941,0.3719395693773658,0.15873668817556277,0.17656924663504778,0.2965930947725249,0.3563569245778493,0.32292412506192564,0.3464154786339883,0.4164311049066278,0.36652482476422804,0.42907280965323746,0.47499565691717555,0.16006713012921148,0.3094862554839325,0.2449794755523607,0.23430843314553773,0.2760924854201291,0.20804067801539342,0.32613105265264136,0.2945926476048653,0.21330968682853413,0.1428621325705154
Rv0427c,0.27527781016594316,0.21280373612979706,0.35111295572207696,0.2955150119215573,0.11912135466579815,0.2627204632752678,0.205239250648446,0.07064195165695766,0.03626863907506232,0.30360820866327887,1.0,0.1719207353945313,0.21794801521627954,0.2751704252643603,0.12624812639667302,0.14805495921784304,0.09482928943898515,0.2859087544503434,0.1793442182645977,0.2641436000935595,0.2308139012937675,0.07236894730134424,0.28656026996282563,0.15603007056982748,0.1874515406019818,0.18167327378198664,0.2050321367982352,0.2598091117121873,0.17695514049665012,0.12624812639667302,0.29522768011515854,0.0039823185277817275,0.3997682223362336,0.13671272270652976,0.11117609360137187,0.05426189826490983,0.04684253088399273,0.27285412447770313,0.2370731014436432,0.33013841580451275,0.2568796527876196,0.13857640869173254,0.17210129933735366,0.11797395579669877,0.13820730623289448,0.2428889702455036,0.14410018457259202,0.17013062719052502,0.14180141560754214,0.16428379544336585,0.058861965707056166,0.14036512311222255,0.292551985850322,0.3470146026025093,0.20913660298952824,0.2394629894366676,0.194085209630988,0.1267918030660337,0.26166176738430064,0.31504635375493706,0.31189230638228405,0.30360820866327887,0.16872667001229427,0.16879751146358865,0.18829206673647325,0.07586911056512487,0.1470962265495467,0.12624812639667302,0.3066937372047405,0.29349418238882014,0.23949566940123546,0.31084685436910264,0.2934941823888202,0.2794010364882745,0.051202175991792206,0.23768792436378697,0.2250154655426671,0.2985192150664982,0.22007304828456445,0.3205460144884544,0.14180141560754214,-0.03973256140342839,0.16114019857860193,0.17071724066513663,0.17833465416036537,0.3482350966725236,0.2132972391773306,0.17251537515997567,0.2975091999398234,0.3129406868390865,0.17305998043104256,0.37544289364551225,0.09815843039424522,0.16316579433939482,0.28023194285880315,0.15893460017782904,0.2656810849527091,0.28462223147714827,0.027882441338899114,0.08723010670075215
Rv0450c,0.15943165612876284,0.3569410469266197,0.1860116141494595,0.2563392933707296,0.19331438602737813,0.2384838513982273,0.25100656629488177,0.3577171507294819,0.23904790599995335,0.3327160437505392,0.1719207353945313,1.0,0.19889081400259695,0.250937317965472,0.1638394277101074,0.1483114067639451,0.29154214385515487,0.2282633075047895,0.18733734344687342,0.2264282515271884,0.23982543641125642,0.15998283373358288,0.3163822987533661,0.264942038648063,0.33144087960598384,0.15607598939783143,0.364445182714825,0.26432702455997875,0.13754278091371053,0.1638394277101074,0.2143583229927106,0.24593693862502292,0.2542283804987548,0.1861333118841377,0.2663115766969363,0.16259823298988182,0.20167318266935488,0.26054607463672547,0.2710462333802413,0.3075635926642379,0.24008444484470182,0.170504853506355,0.23178039969130534,0.2328638545965036,0.28267904938364335,0.37293705562655977,0.19915711416426252,0.26870496749974093,0.15607598939783152,0.2063180460577057,0.3058439209084828,0.23506211882217146,0.2891082645227496,0.3033656797962222,0.28825010197955075,0.2177206870826672,0.18006527390500382,0.19586731811779656,0.20134188934303554,0.2985577327633318,0.3470483173344483,0.3327160437505392,0.31812233175403215,0.22817072272740085,0.15962841174840905,0.21098679748221957,0.14537498171938842,0.1638394277101074,0.3178066865110103,0.3150194740767953,0.28171036991836157,0.3452472025928718,0.3150194740767953,0.36922657840395207,0.2620657483586771,0.39907179917031566,0.28170540178147574,0.3306156556303357,0.4032490262691206,0.25631839973394654,0.15607598939783152,0.17334766462989845,0.29162168650002807,0.349185718960301,0.31422028765844173,0.20596371485237897,0.27788538863719425,0.33210967774928946,0.301736973212467,0.3488523338820271,0.15738413086555816,0.2109041446281695,0.3036896015087992,0.1240450277278228,0.20630772087403743,0.17283335707436662,0.2535848303176748,0.26388781973365494,0.17944459240729357,0.14307861913762795
Rv0466,0.07492630556837256,0.2912300120189511,0.23674194154697642,0.22566010230775302,-0.016575174696924343,0.11238402253945584,0.209539598711968,0.08469513132168029,0.043034223918696726,0.23546494773947643,0.21794801521627954,0.19889081400259695,1.0,0.27187833367130015,0.18676741671783945,0.16280512898879265,0.10197665126962423,0.11492165030136525,0.253005706468719,0.12997155765919124,0.16551278569563901,-0.09556609420764026,0.22224332895373367,0.21311826396475736,0.2046988814178511,0.02237147811349086,0.2846873925757308,0.1354379207752355,-0.04429418473126552,0.18676741671783945,0.20085028706730076,0.05170551390718186,0.23456661268056894,-0.004041459839024047,0.12300052127471162,0.009325342402119784,0.004971675047803893,0.2700702111934226,0.12896484108979409,0.2560405898327255,0.24337381455829019,0.12539913655154267,0.096592091470256,0.11013494178044482,0.14964305784693205,0.2228087482220108,0.11131967740934344,0.1902896487775276,0.20219962754250936,0.056900809450374325,0.10638587437066448,0.1524730420998333,0.15266090356318918,0.314363146901635,0.2250726974098191,0.34436279149351473,0.15797623779188227,0.013226533389988696,0.34376639244980206,0.17943203553480647,0.24188972342344808,0.23546494773947643,0.2080585456440066,0.16823244147044655,-0.04524223905463275,0.1484449608156624,0.21206184628864785,0.18676741671783945,0.23785794567573942,0.2276209613115852,0.2443358615006748,0.2410789175999436,0.2276209613115852,0.2612145788828383,0.16099416964768076,0.25947876083338334,0.3558554384123958,0.23151815191143027,0.2459782899951464,0.31653656551472753,0.20219962754250936,0.017216364641362666,0.28271941171941856,0.17478225026569022,0.20371025324780143,0.26361939278255614,0.26560475217072405,0.26738168954660374,0.23073482935218356,0.24270280041685016,0.12294106212393861,0.21175677244619454,0.20049066218165326,0.06917858349452004,0.08424774643911057,0.2730037245432805,0.10597569947823873,0.2552999511882292,0.1768579184623719,0.11341596698244401
Rv0646c,0.0801691087400403,0.41916599737900473,0.4090201081078511,0.3502828279724328,0.03676624357212774,0.27794994128271056,0.3181080662252951,0.15679379537011867,0.1200036052892966,0.4162559266352055,0.2751704252643603,0.250937317965472,0.27187833367130015,1.0,0.16179392436441997,0.14860833169717366,0.192676847911408,0.22318093018667723,0.19222613179755135,0.1873691324689556,0.16363975496606487,0.18787238016714616,0.40871835197876816,0.347854140094478,0.32774142911019183,0.18328446203136273,0.40760917438892963,0.310406723569357,0.22266742409866488,0.16179392436441997,0.1627576080694802,0.0852525962899398,0.3400509364574041,0.12095211701993487,0.29141334837450533,0.1617793446514836,0.1015024835904112,0.4566382795735943,0.3178340012493272,0.4408461130613081,0.22477563634772554,0.20587834094806054,0.1918463089402349,0.25941664685011906,0.25030971507602606,0.3591945253869446,0.1125297543931929,0.32067256919930065,0.18328446203136292,0.06893510337340808,0.07659312020502106,0.23254422191949786,0.3445635487198053,0.36126898578645167,0.1635076904929213,0.3601835842865411,0.21145575937426805,0.2718354010565701,0.2181879707917102,0.37911978749445446,0.40134044635106114,0.4162559266352055,0.24897621159644212,0.21498079554840574,0.14611211473789826,0.15030910649540616,0.1707179651403033,0.16179392436441997,0.42067459244536226,0.4186081293016507,0.44934779870336516,0.4031846916976118,0.40175821131017164,0.37032512944037077,0.284987641502782,0.33043520535849147,0.3118509319073889,0.38542806453026374,0.3186633977037093,0.4091018799442264,0.18328446203136292,0.10891785637967184,0.34245961940113195,0.2813319299525653,0.26007189710381656,0.3297861085918443,0.3950726222727922,0.3449618089994405,0.3671512795769779,0.38946402068025154,0.18482064966725895,0.35734663797279737,0.2539753703114664,0.18530062408572573,0.2498457938160361,0.26840606536348544,0.22939657880428366,0.28816224811704155,0.24629688099077526,0.0912909549357019
Rv0677c,0.17458627749347405,0.19823955575683072,0.2037647799599922,0.17498723669298416,0.1883332276648703,0.221532322745277,0.19592527066366555,-0.010913491106487405,0.0006816235534431728,0.16663247337161186,0.12624812639667302,0.1638394277101074,0.18676741671783945,0.16179392436441997,0.9999999999999998,-0.08521223535126497,0.14757563455945333,0.28883693058284243,0.4372844855584542,0.229504884799352,0.2691027939125747,0.09912840756329314,0.1572758746022593,0.2307269039656258,0.18335957122499771,-0.06597811804880613,0.22477924730632368,0.15396263917708883,0.15054984604516802,0.4999999999999999,0.20729927761573902,0.2128035709321839,0.20216769052341826,0.0705588151645781,0.1624335464482454,0.2740303184040743,-0.024251219070960606,0.1605204891411174,0.18479271743273198,0.18119332485342382,0.010448357359174784,0.3659905914560125,0.25083712105336575,0.2631728748357919,0.22870769517495304,0.18058986842187183,0.3472034401142486,0.0065242688300925136,0.4763077837222027,0.15676838442859947,-0.05887204687124709,0.11260159667140048,0.19979995265057723,0.19138748732238092,0.22950488479935197,0.2436966700759469,0.4112954748687246,0.11922456755709085,0.2211682072731877,0.1729101903536321,0.17117912149633654,0.16663247337161186,0.1158046139867754,0.10100371257313316,0.14934049010862419,0.1338748926850732,0.1782564972130217,0.4999999999999999,0.13758147306607918,0.16108148638980882,0.1729101903536321,0.1706053351171251,0.16108148638980888,0.1542637890142663,0.31259221919735186,0.1836264298366254,0.2765542578901186,0.13300067733070853,0.1434139339553214,0.22400476729399652,0.4763077837222027,-0.0791932532901137,0.031753702161558234,0.16762326916955178,0.13642958149581635,0.09232711010019105,0.18796163598171833,0.18921912875425992,0.13243292415562163,0.17175451512393441,-0.06653110965574838,0.23650863826589247,0.13413931601857593,-0.09738913945847982,0.13671977813894165,0.05242123765772232,0.12691296209414898,0.1729510649209927,-0.08866111458090495,0.15300219453172598
Rv0824c,-0.08466801545970357,0.13836269820961372,0.19888510435989087,0.07611203638955302,-0.10054204405606558,0.03969357790712444,0.10430254094427947,0.14831140676394514,-0.1304233653115262,0.1164156481023903,0.14805495921784304,0.1483114067639451,0.16280512898879265,0.14860833169717366,-0.08521223535126497,1.0,0.0032906174263520782,0.0894210329449248,0.01865572777813532,0.21036410230828514,0.047289177349118965,0.047089356721060176,0.10419251126864365,0.0015566733793335754,0.05015912368528432,0.17744690204270624,0.1331366907094106,0.04708882831053565,0.029939063827369383,-0.08521223535126497,-0.010813111871613743,-0.11136127642609173,0.17893452410856606,0.01980333171128858,0.05686548202749647,-0.0871940777251943,-0.15226780313305788,0.1294336772059591,0.02059362282341102,0.11721852073643126,0.16042482959004634,-0.10483870967741916,0.0463744737882353,-0.12453387034667913,0.02506260525005564,0.20456447879149486,-0.11028604861469811,0.104463234572955,-0.08117450193235178,-0.008980826269665905,0.06837744073385035,0.051110117459263874,0.09055429263669945,0.16634707485266764,0.15636304923428168,0.17203331184220916,0.025716394168155816,0.09333966476010304,0.26104309673771486,0.05380199073570202,0.12223977928577123,0.1164156481023903,0.12685937957805568,-0.0013996343022182273,0.028910836886654443,0.30002248511845303,0.04268406193627669,-0.08521223535126497,0.11859317297907096,0.10920503194934719,0.12443917769723617,0.10383034715330414,0.10920503194934726,0.12175859610370632,-0.13629935442741611,0.0850135981771141,0.18815547147880438,0.09504713458216107,0.17886363897405194,0.16810617397553612,-0.08117450193235178,-0.09743340795916933,0.192601487238176,0.023353097295275915,0.06400226251007878,0.12473019166234951,0.1431906777976048,0.09188738614863796,0.094318776064295,0.10530353529705226,0.2862142259015838,0.142952686495337,0.14972508994397565,0.20705968827606247,0.12686374100677394,0.13029107000911108,0.1153988736580001,0.14447429864088554,0.08935195125874665,0.037486227693462854
Rv0829,0.22074691622649978,0.2620424005645582,0.11826197127021702,0.2050528202881913,0.210252253131114,0.24290610871064072,0.22213727992216944,0.2545429870377872,0.2727396948723208,0.2594332291981511,0.09482928943898515,0.29154214385515487,0.10197665126962423,0.192676847911408,0.14757563455945333,0.0032906174263520782,1.0,0.16556905911879896,0.08800114563659236,0.13245912001816657,0.22626392970724254,0.1740002487451829,0.24165939670289774,0.3385507545679538,0.24062694907407797,0.07441010804951577,0.2503423219047807,0.21944713237772706,0.1990493762055324,0.14757563455945333,0.15685121068456395,0.30085522914427276,0.18638386879557614,0.11407660551303106,0.3647153877800076,0.14722891933090018,0.2496810402277782,0.18915599526281887,0.2646185798233931,0.23138844779885304,0.15101853659538045,0.2192373860307076,0.25061157761941083,0.2500793030258056,0.2396319607909001,0.2864144988576551,0.1964942235493302,0.2639063916835201,0.1697510935679368,0.158653455347621,0.13025830183502612,0.21704078157241477,0.28648004869094973,0.23778785279779685,0.15973981065951207,0.11313450156845116,0.19584227706590007,0.1499783293996369,0.04888965045130376,0.2409522693679154,0.2727317066842091,0.2594332291981511,0.34114096104487346,0.2341832880838363,0.19220949638959295,0.08540394332794746,0.15811248238435285,0.14757563455945333,0.2644058034296628,0.2598187463933836,0.20749751821765194,0.271062456859332,0.24970491357168667,0.32183167356370324,0.26225514706464687,0.3183717750100243,0.15288784229669508,0.25117942732711734,0.3580209285795598,0.17035015614851662,0.1697510935679368,0.20375151257353388,0.18310779601731952,0.3524100751845512,0.26108896024282696,0.1487317144675542,0.21042483666269343,0.290674486729685,0.2798184861649795,0.2844446817517051,0.07644759657996435,0.13480244097960487,0.3452165008390911,0.10438075577568834,0.1698607789897599,0.1582910752542326,0.24710497181250557,0.1728129853070922,0.11640761034290949,0.19628874562104928
Rv0879c,0.2160874863050588,0.24015080749385284,0.29430094815056285,0.3083096790361314,0.23639169152677672,0.38911502139789106,0.28116397305585555,0.10278983603740158,0.11013833229155397,0.2774051736195935,0.2859087544503434,0.2282633075047895,0.11492165030136525,0.22318093018667723,0.28883693058284243,0.0894210329449248,0.16556905911879896,1.0,0.23374370229472766,0.38606711657559717,0.3609713711771311,0.28203803740888406,0.2611194164921448,0.16825155883302417,0.2156138238908661,0.2751505565260747,0.2549690493336948,0.275213993982093,0.2695306788056254,0.28883693058284243,0.3778980488606789,0.17631027517713732,0.3554732400169847,0.23118758925515148,0.14369255982299395,0.2900514920349304,0.05964706359390492,0.20634000554019133,0.3401181464900067,0.2880264298820599,0.203381161260811,0.321515999492674,0.33859310773763135,0.2847334072558877,0.23140530650472177,0.2869793751375278,0.32233187937180485,0.1461044379449173,0.2751505565260749,0.1886285145221053,0.0608823546471868,0.1327240056232516,0.35136188893846804,0.336758549520777,0.22892647602602637,0.18659323735230812,0.31744191093797053,0.29025936780101735,0.22216076866932585,0.2883098087748382,0.28530450640137534,0.2774051736195935,0.17588845009611803,0.061371365756059976,0.3620561834404979,0.1813547234343105,0.065731033229947,0.28883693058284243,0.25827374067227277,0.2677484399629149,0.21122816748806636,0.26961010186162976,0.26774843996291503,0.27240880943311835,0.2371366122615539,0.26295719434389425,0.21792418482032722,0.23564409994404759,0.23896334691022006,0.28350427930579586,0.2751505565260749,0.04070703131820646,0.10065888641574629,0.2001769059636025,0.21211362035706416,0.21276317746614598,0.2375162319410918,0.1957510832684361,0.23466362665719978,0.271613810826251,0.09846479954543087,0.33297654846572466,0.13067848881901473,0.09427408960579677,0.3415107785364113,0.1387040759437016,0.3230112411189776,0.3047797342831714,-0.1534795332473511,0.14649533506777046
Rv1009,0.1341556941811071,0.2340541828550806,0.24041144394323236,0.20734400910822548,0.15157338490614983,0.16874572450827688,0.14175423361431322,0.028787650187820295,-0.024414260230196612,0.19053096882548387,0.1793442182645977,0.18733734344687342,0.253005706468719,0.19222613179755135,0.4372844855584542,0.01865572777813532,0.08800114563659236,0.23374370229472766,1.0,0.26242056644915157,0.21720027388585822,0.07396699782118905,0.17983244294775574,0.17826075214381365,0.21695256543108396,-0.07544072592073052,0.25701717615165154,0.11330088903098788,0.11416199128787773,0.4372844855584542,0.16668019535427048,0.15464450118838793,0.23857348465216385,0.16794537550858973,0.10501154763465917,0.23188650429986946,-0.05122800158960017,0.19076861328402653,0.12974991971194688,0.2071801434048384,0.06849759296450758,0.3119335443776416,0.19497821697063009,0.2076983075437093,0.2615090435724814,0.20649013901241045,0.2938428224564073,-0.027516902079400773,0.41656400834490176,0.23058073346184366,0.0002201641081206691,0.17503367585032875,0.1458906548502778,0.22617543712319896,0.2624205664491516,0.2786477432016839,0.3551849814987142,0.0824607009939819,0.28340480300816,0.19770903846818325,0.19572969902845222,0.19053096882548387,0.13983599606187982,0.14918538689024397,0.11295081907407731,0.19022066529704595,0.14721648602901116,0.4372844855584542,0.16457349601863575,0.18418385708801352,0.19770903846818325,0.19507361997904488,0.1841838570880136,0.18361216549622192,0.25744794184595954,0.2099622052702325,0.31621777929867667,0.15935798581292293,0.17122216563401363,0.2561316199086271,0.41656400834490176,-0.09055118110236189,0.09514410545171699,0.19890203821068808,0.16326145685655352,0.13891740765251973,0.2149191684009468,0.21635701128592247,0.15871197332055403,0.19638761583844805,-0.07607302780337766,0.2781505129254204,0.16065385082720485,-0.11135672848546613,0.09343499812338775,0.021513043915203405,0.0831354356423145,0.20500885208571332,0.011793555528594526,0.11661515941459037
